(208, 124, 71, 384, 144, 50, 191, 88)
(212, 192, 83, 379, 155, 49, 188, 88)
(224, 203, 83, 365, 146, 49, 194, 89)
(186, 201, 78, 343, 150, 48, 186, 94)
(166, 206, 88, 290, 144, 49, 168, 92)
(161, 215, 89, 294, 147, 42, 125, 73)
(175, 164, 79, 324, 137, 55, 136, 85)
(151, 166, 81, 302, 117, 55, 139, 88)
(158, 173, 86, 316, 154, 62, 140, 87)
(164, 171, 80, 366, 173, 64, 133, 91)
(168, 150, 77, 370, 180, 65, 148, 97)
(155, 141, 74, 358, 181, 57, 155, 102)
(149, 125, 72, 376, 183, 57, 158, 110)
(142, 117, 66, 372, 155, 51, 149, 106)
(149, 121, 61, 306, 131, 49, 168, 109)
(142, 126, 62, 357, 122, 50, 174, 104)
(147, 140, 66, 356, 116, 51, 170, 94)
(143, 135, 67, 370, 134, 51, 169, 93)
(185, 127, 70, 356, 131, 56, 186, 99)
(208, 122, 72, 373, 145, 58, 197, 104)
(206, 151, 86, 372, 158, 57, 178, 102)
(200, 143, 83, 371, 155, 54, 181, 99)
(217, 145, 83, 368, 144, 57, 174, 89)
(202, 146, 82, 395, 143, 56, 192, 99)
(217, 145, 77, 382, 156, 56, 194, 108)
(218, 108, 57, 344, 148, 55, 190, 106)
(255, 114, 59, 376, 152, 57, 179, 108)
(254, 115, 56, 368, 148, 56, 181, 114)
(253, 132, 69, 328, 178, 62, 173, 109)
(230, 171, 71, 342, 179, 60, 141, 86)
(240, 187, 75, 327, 171, 60, 151, 96)
(216, 184, 80, 278, 176, 56, 179, 107)
(200, 182, 80, 275, 178, 55, 183, 101)
(197, 174, 67, 320, 155, 45, 160, 94)
(200, 132, 64, 322, 129, 46, 165, 102)
(206, 111, 62, 336, 167, 45, 180, 101)
(206, 115, 53, 338, 155, 45, 155, 90)
(214, 115, 54, 371, 166, 48, 148, 92)
(204, 108, 57, 389, 156, 44, 153, 90)
(261, 124, 63, 409, 181, 52, 173, 90)
(255, 134, 65, 425, 152, 50, 147, 81)
(249, 153, 73, 435, 178, 55, 156, 83)
(273, 160, 89, 488, 209, 61, 214, 125)
(273, 175, 87, 481, 215, 63, 211, 126)
(204, 208, 97, 513, 225, 55, 194, 124)
(199, 230, 100, 494, 232, 59, 196, 134)
(223, 216, 93, 493, 214, 54, 188, 137)
(184, 220, 79, 424, 171, 48, 140, 104)
(179, 218, 86, 377, 162, 53, 148, 115)
(250, 191, 86, 357, 133, 54, 181, 121)
(262, 165, 83, 360, 131, 55, 178, 111)
(237, 168, 91, 355, 143, 65, 185, 113)
(244, 163, 90, 367, 155, 65, 186, 116)
(254, 150, 90, 424, 173, 64, 177, 105)
(197, 133, 79, 387, 159, 62, 197, 105)
(188, 127, 78, 365, 152, 61, 223, 115)
(206, 125, 73, 356, 161, 55, 219, 114)
(195, 128, 100, 362, 160, 58, 210, 110)
(203, 136, 100, 365, 158, 57, 227, 135)
(230, 144, 98, 359, 177, 62, 195, 132)
(233, 154, 96, 370, 179, 62, 176, 124)
(233, 148, 97, 386, 175, 60, 167, 120)
(266, 146, 90, 422, 193, 61, 197, 124)
(271, 152, 83, 376, 180, 68, 206, 103)
(286, 156, 82, 393, 187, 67, 193, 104)
(285, 146, 83, 418, 184, 68, 195, 107)
(275, 170, 88, 451, 183, 67, 202, 105)
(248, 175, 82, 428, 169, 69, 190, 106)
(243, 170, 81, 420, 170, 58, 183, 107)
(199, 169, 87, 415, 146, 56, 190, 109)
(277, 168, 89, 401, 152, 56, 187, 107)
(276, 147, 94, 394, 143, 56, 194, 119)
(283, 140, 86, 352, 127, 50, 179, 112)
(280, 138, 84, 379, 142, 53, 170, 100)
(288, 121, 88, 375, 163, 61, 172, 102)
(228, 133, 83, 355, 152, 59, 199, 135)
(264, 137, 73, 324, 147, 61, 195, 128)
(265, 122, 69, 356, 151, 63, 186, 132)
(271, 129, 88, 355, 161, 79, 195, 147)
(260, 130, 83, 356, 135, 74, 209, 153)
(238, 134, 85, 353, 149, 74, 177, 129)
(219, 166, 87, 329, 213, 81, 188, 135)
(223, 175, 88, 343, 247, 83, 199, 140)
(220, 174, 76, 368, 233, 66, 183, 126)
(231, 178, 72, 355, 239, 67, 173, 131)
(242, 170, 77, 392, 248, 71, 197, 143)
(218, 134, 68, 390, 194, 60, 183, 134)
(196, 135, 64, 328, 154, 54, 183, 134)
(181, 134, 63, 284, 182, 57, 177, 136)
(174, 131, 61, 278, 176, 51, 176, 122)
(168, 122, 58, 251, 170, 53, 161, 115)
(213, 124, 64, 298, 188, 61, 174, 135)
(234, 132, 67, 353, 207, 60, 177, 124)
(257, 145, 65, 336, 184, 56, 175, 127)
(252, 147, 65, 345, 184, 56, 162, 121)
(248, 149, 63, 394, 173, 53, 160, 130)
(227, 143, 68, 416, 165, 45, 185, 116)
(234, 149, 67, 428, 143, 45, 168, 114)
(247, 157, 69, 446, 138, 46, 178, 119)
(248, 170, 76, 448, 148, 47, 183, 120)
(253, 172, 72, 384, 143, 53, 186, 100)
(296, 177, 67, 356, 148, 55, 156, 97)
(289, 178, 73, 318, 134, 59, 168, 102)
(273, 155, 73, 322, 137, 59, 164, 88)
(272, 136, 68, 320, 129, 57, 184, 93)
(303, 160, 79, 349, 134, 50, 172, 99)
(282, 166, 75, 335, 115, 53, 168, 114)
(267, 148, 70, 355, 131, 49, 166, 115)
(258, 148, 67, 337, 130, 50, 191, 118)
(284, 151, 73, 406, 135, 51, 163, 113)
(242, 119, 65, 407, 142, 52, 159, 106)
(221, 111, 63, 392, 143, 45, 171, 100)
(222, 114, 72, 377, 130, 47, 179, 99)
(223, 122, 73, 386, 139, 45, 152, 102)
(221, 118, 65, 326, 148, 44, 160, 107)
(233, 114, 70, 322, 141, 43, 158, 103)
(220, 118, 75, 321, 139, 45, 196, 118)
(221, 111, 68, 321, 134, 39, 199, 122)
(226, 108, 67, 300, 124, 45, 198, 126)
(195, 107, 69, 282, 114, 53, 199, 128)
(181, 116, 69, 303, 138, 54, 208, 130)
(175, 119, 67, 319, 141, 55, 186, 113)
(179, 124, 74, 312, 161, 61, 172, 107)
(177, 119, 81, 345, 183, 61, 172, 99)
(177, 127, 87, 375, 184, 56, 183, 92)
(196, 129, 83, 350, 169, 57, 214, 111)
(208, 127, 88, 346, 173, 56, 190, 101)
(217, 161, 83, 342, 155, 50, 189, 103)
(217, 164, 80, 335, 142, 50, 185, 98)
(230, 163, 72, 291, 149, 48, 164, 97)
(211, 166, 70, 286, 144, 49, 150, 85)
(210, 163, 69, 340, 160, 52, 169, 97)
(214, 126, 66, 339, 194, 58, 177, 97)
(205, 123, 66, 345, 188, 55, 182, 101)
(187, 116, 69, 381, 196, 56, 182, 100)
(182, 108, 69, 375, 196, 52, 154, 91)
(162, 139, 60, 332, 186, 47, 142, 97)
(156, 141, 59, 334, 159, 44, 131, 88)
(153, 137, 57, 327, 151, 46, 134, 91)
(171, 141, 60, 318, 124, 46, 141, 107)
(186, 138, 61, 315, 118, 47, 148, 110)
(183, 95, 66, 376, 120, 52, 156, 98)
(175, 120, 72, 376, 119, 49, 153, 101)
(187, 120, 75, 366, 130, 48, 141, 96)
(173, 114, 72, 339, 130, 47, 138, 78)
(161, 116, 74, 379, 160, 52, 152, 84)
(178, 125, 76, 331, 152, 45, 140, 78)
(176, 107, 72, 319, 156, 49, 153, 81)
(164, 117, 66, 330, 144, 49, 154, 77)
(146, 117, 63, 334, 140, 54, 154, 72)
(141, 112, 72, 346, 144, 50, 144, 62)
(120, 102, 70, 342, 146, 54, 133, 56)
(111, 88, 67, 346, 128, 50, 123, 49)
(107, 75, 66, 312, 129, 50, 147, 64)
(148, 90, 71, 353, 136, 47, 151, 82)
(170, 96, 60, 308, 98, 45, 149, 93)
(189, 116, 56, 291, 88, 42, 157, 94)
(225, 133, 60, 284, 102, 46, 169, 113)
(227, 146, 59, 296, 116, 49, 168, 115)
(235, 141, 56, 273, 118, 46, 163, 110)
(236, 156, 64, 284, 124, 47, 150, 109)
(243, 149, 65, 280, 124, 47, 162, 117)
(210, 154, 64, 301, 132, 43, 151, 103)
(196, 152, 74, 360, 201, 49, 135, 102)
(162, 163, 77, 375, 203, 52, 170, 109)
(176, 158, 71, 360, 202, 58, 173, 108)
(165, 165, 75, 354, 202, 62, 187, 108)
(180, 149, 83, 411, 221, 66, 194, 106)
(197, 135, 73, 387, 158, 62, 202, 107)
(195, 119, 71, 361, 152, 59, 170, 91)
(191, 107, 69, 369, 166, 55, 203, 105)
(185, 98, 68, 399, 172, 48, 178, 101)
(186, 119, 58, 329, 158, 44, 159, 103)
(189, 129, 63, 291, 161, 40, 151, 104)
(192, 127, 59, 270, 160, 39, 156, 106)
(168, 127, 59, 290, 150, 36, 118, 87)
(171, 121, 56, 262, 147, 39, 130, 84)
(170, 113, 60, 244, 121, 40, 146, 85)
(155, 111, 60, 316, 136, 44, 172, 94)
(154, 114, 67, 337, 133, 46, 181, 105)
(184, 114, 65, 334, 132, 51, 170, 108)
(188, 123, 69, 352, 159, 52, 163, 112)
(213, 117, 62, 365, 157, 51, 151, 109)
(220, 112, 61, 326, 134, 50, 141, 111)
(224, 120, 61, 311, 148, 48, 139, 114)
(229, 113, 64, 302, 164, 52, 162, 114)
(235, 106, 61, 298, 142, 52, 154, 111)
(207, 108, 63, 290, 150, 54, 154, 112)
(205, 127, 63, 302, 151, 53, 171, 119)
(217, 118, 59, 296, 139, 55, 195, 119)
(198, 117, 55, 315, 134, 48, 187, 118)
(173, 108, 51, 294, 126, 49, 189, 118)
(165, 108, 57, 331, 118, 48, 204, 122)
(156, 77, 52, 325, 133, 50, 177, 99)
(145, 86, 50, 320, 132, 50, 141, 87)
(147, 95, 62, 356, 127, 52, 166, 91)
(162, 102, 65, 386, 131, 49, 176, 100)
(166, 94, 59, 358, 143, 50, 158, 92)
(172, 112, 67, 374, 144, 46, 152, 91)
(173, 123, 71, 405, 160, 48, 172, 91)
(155, 131, 67, 385, 155, 45, 143, 95)
(147, 138, 68, 348, 156, 46, 162, 102)
(143, 136, 75, 403, 154, 44, 161, 101)
(176, 128, 72, 383, 152, 47, 172, 113)
(219, 126, 72, 356, 134, 51, 161, 117)
(231, 148, 84, 332, 132, 51, 161, 110)
(238, 145, 81, 332, 140, 52, 136, 93)
(255, 147, 77, 274, 127, 54, 176, 103)
(244, 154, 78, 310, 115, 52, 172, 90)
(231, 152, 75, 332, 121, 46, 167, 90)
(227, 124, 57, 316, 124, 46, 178, 96)
(239, 143, 63, 323, 133, 49, 201, 99)
(233, 164, 63, 363, 154, 49, 180, 97)
(255, 169, 62, 336, 163, 48, 189, 103)
(234, 176, 72, 338, 163, 49, 194, 109)
(253, 188, 75, 341, 163, 53, 243, 124)
(245, 179, 75, 352, 151, 51, 232, 125)
(246, 164, 75, 358, 152, 49, 227, 129)
(258, 148, 73, 346, 152, 54, 220, 130)
(259, 155, 70, 326, 151, 53, 237, 128)
(241, 163, 72, 345, 149, 56, 209, 119)
(273, 157, 79, 347, 169, 73, 205, 119)
(292, 161, 78, 339, 182, 75, 203, 108)
(266, 173, 82, 333, 173, 72, 208, 109)
(284, 155, 77, 360, 185, 75, 185, 120)
(295, 138, 76, 343, 184, 70, 149, 109)
(277, 140, 62, 332, 175, 52, 157, 117)
(286, 147, 60, 291, 147, 53, 181, 139)
(297, 153, 59, 321, 161, 58, 174, 135)
(283, 157, 74, 292, 166, 57, 177, 128)
(270, 158, 75, 280, 157, 59, 187, 133)
(263, 153, 77, 286, 169, 65, 211, 137)
(248, 142, 78, 288, 169, 64, 196, 115)
(221, 129, 74, 270, 166, 59, 205, 125)
(213, 126, 62, 312, 161, 64, 248, 136)
(209, 114, 62, 319, 186, 62, 236, 139)
(224, 156, 62, 332, 177, 60, 214, 131)
(210, 163, 67, 325, 172, 58, 215, 138)
(205, 173, 67, 316, 177, 58, 215, 137)
(229, 179, 61, 291, 173, 53, 174, 123)
(242, 185, 62, 286, 163, 57, 181, 121)
(235, 154, 63, 289, 147, 56, 161, 113)
(314, 191, 70, 305, 168, 57, 170, 119)
(316, 178, 70, 321, 159, 59, 165, 110)
(309, 180, 79, 319, 151, 55, 151, 115)
(334, 173, 78, 332, 146, 53, 147, 115)
(321, 186, 83, 370, 208, 55, 190, 131)
(244, 151, 80, 360, 199, 58, 181, 130)
(248, 154, 80, 363, 193, 54, 181, 134)
(235, 148, 74, 414, 211, 60, 217, 143)
(201, 171, 74, 401, 206, 58, 219, 138)
(250, 161, 64, 332, 139, 50, 190, 126)
(274, 164, 69, 340, 144, 49, 202, 115)
(277, 170, 84, 393, 152, 55, 208, 126)
(328, 163, 89, 355, 123, 48, 161, 116)
(317, 141, 99, 398, 172, 55, 161, 117)
(291, 132, 99, 437, 189, 56, 164, 117)
(270, 124, 93, 431, 180, 52, 212, 133)
(271, 118, 85, 389, 187, 52, 203, 124)
(231, 127, 77, 365, 193, 60, 231, 118)
(243, 155, 66, 336, 150, 59, 235, 127)
(297, 161, 68, 309, 137, 63, 245, 130)
(302, 160, 68, 311, 151, 69, 197, 125)
(305, 164, 70, 298, 143, 69, 213, 115)
(306, 174, 79, 333, 138, 67, 205, 136)
(304, 159, 76, 339, 161, 64, 195, 131)
(252, 155, 73, 325, 156, 62, 177, 130)
(243, 151, 94, 339, 153, 62, 169, 125)
(233, 163, 91, 330, 143, 62, 140, 138)
(241, 151, 91, 291, 147, 60, 137, 118)
(229, 139, 90, 260, 119, 61, 161, 125)
(221, 135, 91, 284, 124, 59, 166, 122)
(228, 138, 69, 273, 143, 56, 175, 121)
(249, 135, 66, 267, 143, 57, 200, 117)
(250, 135, 56, 305, 158, 54, 193, 113)
(264, 143, 56, 304, 159, 50, 174, 111)
(319, 154, 64, 361, 174, 58, 180, 141)
(325, 163, 64, 351, 163, 59, 175, 144)
(319, 147, 71, 364, 169, 58, 169, 151)
(303, 142, 76, 342, 159, 57, 215, 152)
(300, 163, 78, 367, 157, 55, 225, 157)
(239, 171, 75, 300, 161, 61, 225, 131)
(241, 169, 73, 315, 162, 67, 252, 145)
(336, 211, 73, 323, 160, 69, 239, 135)
(341, 213, 67, 332, 177, 73, 189, 133)
(350, 197, 71, 371, 190, 76, 204, 130)
(374, 195, 69, 369, 175, 68, 211, 138)
(358, 196, 74, 362, 158, 60, 187, 122)
(289, 167, 73, 350, 162, 58, 184, 124)
(280, 183, 74, 351, 140, 57, 260, 149)
(282, 203, 84, 336, 149, 68, 254, 148)
(260, 207, 81, 333, 154, 67, 251, 146)
(277, 201, 79, 314, 154, 65, 243, 140)
(273, 203, 81, 318, 150, 66, 270, 152)
(283, 194, 100, 396, 183, 67, 204, 130)
(271, 172, 91, 368, 177, 52, 187, 118)
(267, 157, 92, 373, 181, 52, 169, 107)
(308, 170, 87, 373, 181, 52, 225, 127)
(321, 166, 83, 391, 180, 48, 204, 121)
(303, 157, 56, 310, 146, 46, 206, 118)
(297, 155, 56, 311, 129, 46, 244, 144)
(305, 162, 56, 306, 101, 47, 256, 152)
(255, 144, 63, 348, 115, 52, 210, 141)
(249, 145, 65, 322, 115, 57, 219, 139)
(259, 165, 70, 364, 141, 55, 218, 141)
(296, 186, 67, 367, 143, 57, 177, 129)
(276, 180, 69, 386, 163, 58, 164, 121)
(291, 175, 64, 373, 184, 55, 170, 123)
(266, 173, 68, 379, 198, 58, 168, 120)
(310, 173, 65, 330, 178, 63, 168, 121)
(291, 188, 78, 364, 209, 65, 184, 111)
(324, 188, 83, 385, 200, 66, 196, 116)
(324, 204, 86, 356, 178, 70, 189, 118)
(323, 208, 82, 373, 179, 64, 174, 113)
(269, 205, 86, 406, 180, 60, 173, 108)
(259, 174, 83, 375, 163, 59, 154, 104)
(241, 217, 79, 366, 175, 59, 144, 99)
(227, 204, 84, 439, 180, 52, 167, 91)
(244, 196, 81, 421, 158, 51, 158, 87)
(275, 236, 81, 400, 154, 54, 154, 93)
(268, 240, 75, 414, 142, 52, 162, 103)
(275, 221, 75, 387, 139, 51, 151, 100)
(372, 219, 71, 326, 155, 59, 120, 98)
(366, 220, 71, 344, 157, 59, 144, 95)
(358, 165, 77, 362, 168, 62, 168, 109)
(389, 150, 75, 337, 167, 63, 162, 107)
(396, 128, 73, 338, 163, 61, 180, 128)
(349, 142, 76, 327, 152, 67, 204, 148)
(387, 132, 83, 343, 166, 71, 217, 167)
(390, 123, 79, 402, 172, 70, 223, 158)
(360, 134, 79, 408, 172, 69, 232, 159)
(367, 142, 84, 450, 180, 72, 232, 155)
(328, 142, 82, 476, 192, 67, 229, 157)
(287, 144, 78, 452, 203, 69, 223, 150)
(316, 147, 78, 435, 205, 66, 214, 156)
(329, 185, 102, 531, 209, 73, 243, 174)
(319, 181, 128, 533, 234, 90, 239, 168)
(324, 181, 125, 518, 229, 92, 231, 163)
(339, 188, 126, 525, 214, 89, 235, 165)
(304, 190, 122, 464, 209, 91, 220, 159)
(302, 147, 126, 462, 224, 91, 174, 129)
(270, 134, 104, 410, 198, 76, 184, 132)
(252, 123, 106, 405, 198, 69, 192, 116)
(225, 128, 118, 417, 200, 68, 160, 97)
(214, 132, 128, 420, 204, 69, 165, 94)
(195, 149, 111, 351, 205, 60, 169, 98)
(215, 183, 110, 432, 211, 70, 159, 107)
(253, 196, 107, 424, 208, 68, 140, 108)
(246, 187, 94, 401, 227, 70, 163, 112)
(266, 212, 82, 412, 216, 65, 190, 108)
(276, 212, 76, 385, 210, 65, 204, 122)
(261, 209, 97, 318, 199, 51, 213, 126)
(248, 209, 104, 321, 199, 58, 242, 133)
(264, 213, 120, 374, 248, 62, 266, 149)
(258, 206, 125, 378, 255, 62, 250, 153)
(298, 201, 125, 338, 237, 61, 241, 155)
(310, 179, 112, 366, 249, 65, 272, 156)
(300, 184, 106, 375, 246, 64, 267, 156)
(280, 183, 89, 345, 188, 61, 233, 137)
(277, 192, 84, 319, 185, 63, 234, 145)
(249, 195, 78, 325, 205, 68, 267, 153)
(256, 193, 67, 311, 181, 64, 219, 139)
(347, 184, 115, 425, 210, 61, 192, 134)
(351, 186, 119, 402, 196, 58, 190, 148)
(350, 175, 119, 416, 191, 56, 203, 146)
(332, 163, 121, 419, 173, 57, 147, 122)
(323, 164, 125, 408, 176, 61, 154, 124)
(285, 169, 83, 330, 129, 63, 182, 137)
(300, 186, 85, 344, 125, 64, 179, 123)
(294, 167, 90, 358, 116, 74, 162, 118)
(295, 178, 99, 410, 134, 75, 200, 131)
(311, 178, 105, 427, 179, 70, 209, 141)
(271, 161, 104, 383, 177, 70, 197, 132)
(252, 144, 97, 370, 180, 77, 201, 132)
(267, 180, 101, 457, 211, 73, 215, 133)
(299, 184, 120, 444, 223, 71, 205, 128)
(290, 190, 132, 426, 187, 71, 231, 140)
(317, 205, 136, 440, 203, 73, 250, 168)
(319, 193, 139, 498, 237, 71, 255, 168)
(308, 153, 133, 404, 213, 66, 241, 175)
(295, 145, 116, 386, 210, 64, 252, 179)
(274, 135, 91, 373, 207, 60, 231, 160)
(211, 118, 92, 376, 204, 55, 211, 137)
(220, 118, 86, 306, 165, 52, 204, 139)
(321, 129, 85, 356, 166, 51, 221, 128)
(311, 119, 73, 337, 133, 49, 188, 119)
(317, 125, 72, 382, 145, 56, 180, 129)
(340, 144, 68, 367, 129, 56, 165, 111)
(360, 144, 80, 394, 141, 60, 182, 118)
(280, 158, 79, 350, 136, 63, 207, 124)
(291, 159, 80, 338, 152, 64, 223, 123)
(291, 164, 88, 350, 160, 65, 231, 110)
(277, 159, 101, 388, 178, 62, 245, 119)
(316, 159, 94, 371, 166, 52, 233, 129)
(334, 140, 93, 370, 167, 61, 206, 127)
(325, 141, 102, 389, 190, 68, 217, 133)
(344, 156, 102, 347, 185, 68, 201, 140)
(397, 172, 85, 302, 167, 71, 202, 154)
(378, 179, 84, 326, 170, 72, 199, 194)
(364, 178, 91, 350, 182, 65, 188, 196)
(363, 186, 81, 340, 157, 63, 160, 191)
(364, 162, 77, 330, 156, 62, 195, 192)
(322, 135, 80, 344, 154, 67, 218, 198)
(301, 142, 84, 304, 150, 67, 224, 151)
(286, 141, 75, 304, 149, 70, 232, 152)
(283, 148, 94, 328, 143, 64, 243, 163)
(295, 155, 89, 324, 155, 65, 298, 199)
(285, 167, 85, 332, 170, 58, 280, 187)
(300, 161, 79, 362, 184, 56, 286, 191)
(326, 170, 93, 343, 170, 48, 307, 188)
(357, 160, 86, 332, 199, 64, 296, 183)
(328, 161, 91, 344, 196, 66, 220, 140)
(325, 150, 95, 354, 192, 73, 233, 148)
(298, 164, 100, 314, 177, 76, 225, 148)
(277, 149, 104, 334, 181, 84, 186, 144)
(282, 148, 106, 318, 151, 74, 206, 148)
(290, 171, 109, 370, 153, 70, 220, 155)
(290, 170, 115, 419, 190, 69, 202, 141)
(321, 152, 116, 451, 198, 80, 226, 146)
(341, 165, 112, 473, 210, 79, 231, 147)
(305, 168, 109, 492, 209, 79, 211, 145)
(370, 177, 101, 441, 196, 77, 193, 135)
(369, 174, 93, 388, 160, 72, 177, 126)
(338, 174, 99, 440, 195, 59, 195, 119)
(389, 174, 95, 418, 182, 52, 206, 116)
(397, 171, 85, 411, 176, 49, 221, 106)
(330, 134, 83, 415, 175, 50, 223, 119)
(323, 138, 82, 430, 182, 52, 248, 132)
(341, 139, 74, 348, 145, 52, 217, 136)
(278, 127, 87, 330, 155, 60, 203, 145)
(280, 134, 93, 301, 163, 67, 196, 144)
(300, 148, 94, 287, 163, 67, 195, 137)
(302, 161, 100, 315, 196, 78, 181, 139)
(270, 162, 96, 327, 186, 75, 175, 120)
(257, 163, 88, 327, 183, 72, 189, 125)
(239, 159, 86, 387, 182, 64, 183, 122)
(232, 138, 94, 478, 204, 69, 222, 140)
(226, 113, 91, 426, 188, 60, 226, 138)
(289, 112, 95, 416, 190, 66, 221, 150)
(296, 112, 89, 437, 182, 67, 235, 144)
(306, 130, 91, 469, 232, 70, 291, 169)
(362, 164, 95, 379, 228, 71, 276, 168)
(366, 174, 97, 381, 202, 66, 279, 167)
(318, 175, 96, 392, 210, 61, 322, 179)
(316, 196, 104, 425, 259, 73, 321, 186)
(306, 185, 110, 350, 216, 70, 271, 165)
(230, 165, 127, 364, 205, 63, 254, 146)
(238, 157, 132, 418, 216, 64, 246, 139)
(289, 176, 136, 432, 220, 62, 189, 122)
(295, 154, 128, 360, 164, 51, 173, 116)
(289, 154, 119, 357, 160, 53, 175, 121)
(301, 156, 88, 337, 156, 52, 198, 130)
(366, 154, 82, 275, 149, 54, 195, 134)
(341, 135, 134, 232, 138, 64, 210, 132)
(357, 148, 147, 240, 128, 60, 193, 136)
(390, 161, 152, 222, 129, 69, 213, 146)
(391, 156, 159, 219, 130, 73, 197, 143)
(321, 160, 161, 233, 122, 75, 212, 148)
(312, 159, 151, 273, 128, 72, 223, 152)
(313, 149, 141, 269, 133, 75, 272, 176)
(291, 135, 142, 285, 130, 78, 287, 183)
(294, 142, 140, 300, 153, 80, 306, 200)
(311, 157, 139, 306, 160, 84, 326, 211)
(309, 176, 105, 284, 149, 81, 312, 207)
(296, 184, 111, 336, 146, 76, 294, 185)
(305, 197, 108, 324, 143, 66, 277, 166)
(279, 192, 111, 324, 133, 62, 265, 164)
(261, 173, 107, 382, 135, 50, 217, 137)
(269, 143, 119, 419, 151, 60, 231, 181)
(253, 128, 117, 386, 164, 58, 219, 181)
(286, 105, 132, 404, 184, 61, 196, 185)
(291, 112, 125, 434, 179, 61, 181, 166)
(332, 126, 131, 383, 186, 63, 184, 175)
(330, 153, 118, 337, 183, 53, 155, 127)
(325, 170, 128, 357, 182, 56, 175, 130)
(263, 182, 116, 357, 167, 54, 184, 141)
(282, 172, 123, 352, 161, 59, 192, 157)
(229, 170, 142, 365, 146, 59, 198, 151)
(230, 158, 152, 390, 138, 58, 230, 161)
(263, 149, 149, 381, 135, 61, 197, 150)
(305, 184, 152, 401, 147, 66, 201, 139)
(307, 194, 150, 367, 146, 61, 203, 133)
(310, 205, 128, 327, 145, 58, 223, 147)
(325, 201, 109, 298, 149, 60, 186, 131)
(322, 206, 101, 345, 154, 54, 183, 132)
(328, 196, 103, 300, 139, 46, 176, 141)
(366, 201, 113, 333, 152, 52, 207, 138)
(408, 185, 124, 334, 147, 54, 188, 127)
(393, 186, 136, 357, 153, 56, 221, 151)
(414, 177, 135, 302, 150, 61, 230, 158)
(409, 147, 128, 301, 149, 62, 237, 147)
(398, 131, 117, 267, 146, 59, 216, 164)
(358, 136, 116, 299, 153, 66, 269, 186)
(363, 138, 105, 291, 143, 64, 260, 169)
(323, 133, 102, 300, 134, 63, 252, 162)
(357, 150, 111, 296, 129, 64, 261, 174)
(313, 151, 120, 319, 136, 62, 269, 163)
(328, 145, 104, 285, 128, 56, 206, 134)
(341, 133, 132, 276, 141, 52, 187, 138)
(337, 140, 154, 292, 134, 52, 225, 148)
(262, 111, 152, 295, 149, 49, 205, 134)
(304, 110, 151, 365, 182, 52, 188, 122)
(388, 116, 160, 394, 187, 50, 223, 132)
(389, 122, 154, 375, 170, 54, 238, 143)
(387, 116, 136, 343, 182, 51, 207, 139)
(396, 144, 136, 359, 179, 58, 269, 152)
(383, 164, 132, 353, 159, 58, 267, 154)
(298, 163, 124, 400, 180, 62, 236, 144)
(286, 167, 106, 406, 182, 68, 239, 140)
(305, 177, 143, 494, 207, 76, 290, 145)
(348, 168, 148, 495, 208, 73, 249, 133)
(350, 145, 151, 455, 186, 72, 248, 146)
(334, 145, 161, 420, 168, 72, 258, 147)
(370, 165, 159, 414, 170, 65, 267, 141)
(389, 169, 124, 329, 160, 58, 230, 138)
(339, 165, 128, 329, 151, 56, 228, 145)
(339, 172, 122, 299, 150, 57, 243, 178)
(356, 174, 113, 288, 161, 57, 240, 190)
(332, 153, 119, 292, 163, 58, 214, 192)
(292, 139, 132, 268, 133, 55, 187, 184)
(337, 146, 119, 236, 147, 60, 178, 188)
(318, 146, 126, 249, 147, 54, 144, 148)
(347, 145, 127, 290, 147, 60, 149, 135)
(366, 164, 132, 296, 191, 64, 164, 164)
(392, 162, 137, 292, 192, 63, 169, 174)
(379, 141, 140, 305, 190, 57, 176, 164)
(379, 133, 132, 308, 200, 59, 180, 161)
(345, 132, 127, 250, 185, 49, 189, 164)
(335, 101, 135, 285, 140, 51, 172, 137)
(315, 143, 121, 293, 140, 52, 208, 130)
(336, 150, 126, 306, 139, 53, 216, 131)
(329, 145, 135, 311, 136, 58, 210, 144)
(340, 156, 149, 310, 139, 66, 217, 148)
(309, 169, 136, 285, 133, 62, 237, 144)
(349, 155, 161, 296, 144, 67, 218, 141)
(302, 151, 166, 388, 158, 69, 204, 141)
(313, 164, 174, 427, 155, 64, 204, 126)
(324, 166, 159, 425, 159, 61, 192, 133)
(336, 159, 178, 441, 163, 60, 210, 144)
(332, 161, 174, 487, 190, 63, 251, 157)
(363, 177, 185, 465, 183, 61, 246, 162)
(404, 172, 179, 438, 181, 59, 253, 168)
(417, 164, 182, 458, 193, 62, 258, 157)
(414, 166, 163, 484, 199, 62, 226, 146)
(392, 157, 138, 442, 158, 56, 159, 131)
(398, 167, 115, 386, 165, 57, 161, 131)
(368, 163, 104, 389, 162, 58, 171, 140)
(350, 169, 101, 389, 149, 50, 162, 146)
(362, 173, 100, 374, 171, 52, 163, 143)
(353, 174, 112, 382, 187, 52, 211, 152)
(347, 171, 114, 472, 191, 53, 219, 147)
(351, 174, 120, 445, 192, 55, 208, 124)
(360, 164, 140, 433, 216, 69, 230, 154)
(352, 170, 150, 400, 196, 72, 231, 161)
(362, 170, 143, 383, 186, 75, 184, 158)
(371, 154, 148, 320, 176, 77, 179, 171)
(355, 158, 143, 335, 174, 78, 199, 181)
(315, 177, 130, 380, 145, 67, 171, 147)
(312, 157, 128, 381, 140, 63, 177, 149)
(305, 139, 136, 379, 135, 58, 219, 161)
(250, 125, 135, 318, 114, 55, 253, 163)
(258, 130, 177, 355, 120, 54, 238, 156)
(262, 98, 185, 319, 114, 51, 240, 158)
(314, 122, 181, 305, 108, 54, 299, 171)
(303, 138, 178, 399, 112, 59, 274, 152)
(316, 172, 202, 438, 131, 60, 254, 155)
(370, 178, 172, 413, 118, 63, 263, 158)
(362, 178, 159, 398, 120, 68, 292, 170)
(365, 193, 176, 420, 135, 68, 226, 158)
(391, 198, 184, 437, 155, 66, 227, 161)
(405, 175, 149, 401, 145, 63, 217, 146)
(373, 169, 161, 401, 154, 60, 205, 141)
(456, 195, 169, 445, 159, 61, 157, 131)
(418, 181, 160, 424, 154, 60, 165, 127)
(401, 171, 156, 315, 131, 57, 202, 129)
(380, 178, 156, 315, 129, 57, 200, 121)
(374, 190, 137, 303, 131, 56, 209, 122)
(327, 193, 141, 250, 123, 48, 226, 125)
(330, 192, 142, 291, 140, 48, 270, 150)
(342, 196, 134, 293, 139, 53, 261, 166)
(362, 189, 142, 301, 139, 58, 256, 165)
(349, 166, 152, 333, 139, 61, 257, 165)
(309, 132, 148, 336, 178, 72, 237, 165)
(290, 119, 141, 325, 170, 72, 187, 136)
(268, 105, 151, 407, 179, 68, 158, 114)
(301, 125, 168, 419, 185, 65, 188, 133)
(296, 134, 176, 421, 187, 67, 217, 147)
(290, 133, 187, 430, 153, 60, 229, 158)
(350, 129, 190, 415, 140, 58, 230, 171)
(351, 152, 186, 366, 142, 68, 244, 177)
(330, 155, 177, 388, 142, 70, 218, 169)
(328, 158, 171, 361, 132, 74, 179, 160)
(349, 170, 183, 328, 137, 78, 167, 154)
(449, 221, 181, 347, 137, 79, 201, 188)
(463, 212, 178, 360, 129, 71, 217, 200)
(448, 201, 215, 312, 135, 69, 222, 197)
(463, 203, 210, 298, 142, 63, 242, 207)
(462, 197, 202, 301, 130, 60, 262, 203)
(331, 142, 218, 297, 137, 62, 252, 166)
(312, 142, 217, 251, 143, 64, 235, 156)
(303, 149, 174, 244, 156, 68, 240, 165)
(273, 172, 187, 249, 160, 64, 217, 150)
(235, 166, 165, 278, 170, 62, 189, 143)
(241, 176, 156, 257, 178, 60, 158, 139)
(243, 174, 205, 276, 166, 60, 170, 130)
(266, 161, 198, 302, 145, 57, 163, 125)
(270, 131, 183, 306, 137, 56, 173, 125)
(362, 156, 190, 291, 125, 54, 193, 189)
(366, 147, 182, 299, 105, 52, 198, 191)
(381, 149, 175, 310, 122, 53, 183, 194)
(367, 159, 180, 284, 124, 50, 197, 202)
(357, 156, 188, 285, 118, 54, 202, 204)
(283, 142, 197, 314, 120, 55, 180, 148)
(270, 141, 193, 314, 140, 64, 184, 147)
(274, 140, 157, 292, 130, 61, 189, 159)
(267, 147, 147, 304, 124, 66, 184, 145)
(289, 154, 153, 339, 135, 66, 166, 137)
(324, 155, 152, 295, 129, 66, 171, 166)
(335, 152, 154, 295, 124, 60, 180, 169)
(298, 167, 145, 275, 126, 63, 165, 150)
(381, 186, 156, 286, 144, 65, 160, 168)
(374, 185, 141, 271, 141, 62, 172, 181)
(345, 176, 135, 291, 149, 60, 175, 157)
(346, 181, 139, 295, 136, 60, 157, 148)
(407, 187, 156, 313, 136, 62, 181, 160)
(349, 158, 157, 296, 120, 59, 201, 150)
(378, 154, 159, 302, 128, 62, 207, 139)
(390, 160, 153, 316, 129, 66, 210, 141)
(403, 177, 163, 335, 133, 70, 205, 143)
(346, 155, 158, 340, 133, 62, 207, 131)
(327, 175, 155, 408, 143, 60, 198, 123)
(299, 178, 147, 431, 160, 66, 203, 116)
(270, 197, 170, 469, 164, 63, 198, 130)
(236, 181, 160, 476, 164, 60, 225, 143)
(274, 188, 174, 477, 169, 67, 240, 152)
(289, 167, 178, 436, 160, 67, 261, 160)
(304, 174, 189, 397, 129, 60, 254, 172)
(315, 152, 177, 356, 113, 66, 258, 163)
(297, 152, 190, 318, 117, 67, 253, 152)
(270, 137, 172, 298, 115, 65, 223, 164)
(253, 140, 165, 340, 123, 70, 189, 157)
(249, 132, 178, 350, 144, 75, 181, 146)
(237, 129, 165, 308, 143, 74, 177, 147)
(255, 147, 134, 370, 155, 70, 152, 148)
(254, 155, 130, 363, 150, 69, 155, 124)
(284, 166, 149, 329, 145, 63, 169, 125)
(275, 165, 138, 317, 130, 56, 224, 162)
(318, 162, 139, 318, 130, 56, 250, 174)
(316, 147, 159, 290, 159, 61, 280, 177)
(313, 145, 158, 314, 168, 61, 276, 175)
(283, 126, 145, 282, 168, 63, 267, 168)
(288, 124, 132, 315, 163, 64, 237, 155)
(251, 122, 126, 337, 172, 62, 258, 166)
(265, 114, 118, 287, 124, 60, 238, 164)
(292, 113, 121, 271, 119, 58, 258, 168)
(313, 119, 111, 281, 150, 62, 275, 186)
(340, 124, 100, 238, 152, 61, 264, 174)
(347, 149, 108, 241, 142, 59, 210, 140)
(333, 173, 147, 338, 160, 64, 228, 143)
(339, 185, 165, 389, 162, 70, 222, 162)
(332, 185, 176, 398, 156, 71, 218, 166)
(287, 184, 183, 422, 172, 77, 219, 161)
(266, 178, 178, 445, 187, 82, 243, 168)
(276, 167, 160, 391, 180, 80, 238, 180)
(271, 168, 162, 344, 184, 72, 223, 158)
(296, 175, 149, 368, 193, 64, 236, 152)
(306, 184, 158, 373, 182, 58, 239, 161)
(307, 170, 162, 336, 175, 49, 228, 157)
(296, 160, 143, 321, 167, 46, 204, 137)
(270, 170, 126, 304, 155, 48, 232, 137)
(260, 165, 128, 244, 121, 51, 204, 119)
(257, 144, 123, 215, 117, 47, 194, 110)
(295, 166, 156, 274, 111, 53, 189, 105)
(300, 173, 175, 329, 129, 52, 184, 104)
(325, 147, 180, 358, 132, 61, 161, 138)
(329, 147, 192, 437, 138, 61, 145, 147)
(344, 155, 203, 431, 147, 61, 151, 147)
(333, 132, 192, 405, 147, 61, 163, 162)
(327, 115, 174, 444, 153, 70, 173, 178)
(319, 121, 159, 425, 148, 68, 168, 158)
(321, 134, 162, 356, 144, 72, 171, 168)
(320, 126, 132, 376, 154, 82, 217, 185)
(343, 133, 108, 378, 159, 82, 237, 188)
(339, 141, 104, 292, 134, 79, 244, 184)
(324, 140, 133, 320, 157, 84, 276, 190)
(297, 132, 111, 311, 157, 80, 281, 179)
(279, 147, 124, 380, 175, 74, 260, 163)
(214, 144, 121, 363, 166, 68, 240, 156)
(227, 139, 132, 360, 171, 63, 234, 149)
(210, 148, 114, 334, 154, 54, 208, 151)
(218, 149, 110, 336, 153, 54, 208, 150)
(232, 149, 111, 229, 125, 59, 208, 151)
(248, 151, 111, 229, 130, 63, 233, 178)
(306, 164, 102, 233, 133, 63, 233, 182)
(311, 148, 92, 223, 126, 58, 218, 178)
(312, 147, 119, 239, 127, 58, 212, 172)
(295, 147, 116, 254, 122, 50, 204, 178)
(337, 138, 126, 310, 129, 43, 153, 152)
(277, 125, 132, 325, 130, 46, 131, 142)
(286, 145, 140, 328, 130, 47, 134, 131)
(291, 141, 125, 311, 120, 51, 126, 129)
(295, 156, 126, 317, 140, 49, 133, 125)
(244, 172, 148, 254, 139, 51, 140, 129)
(274, 171, 150, 276, 161, 56, 209, 133)
(266, 161, 178, 375, 174, 59, 213, 138)
(259, 154, 180, 392, 175, 55, 222, 139)
(278, 136, 180, 371, 160, 64, 221, 128)
(291, 129, 161, 390, 151, 67, 231, 120)
(316, 143, 156, 400, 126, 59, 188, 130)
(330, 169, 131, 380, 126, 57, 184, 138)
(332, 171, 140, 396, 129, 60, 183, 133)
(328, 186, 138, 445, 114, 58, 200, 142)
(301, 186, 139, 445, 118, 55, 201, 141)
(254, 189, 147, 417, 114, 57, 192, 125)
(226, 162, 129, 367, 99, 57, 188, 107)
(260, 167, 110, 348, 103, 59, 209, 115)
(247, 142, 111, 315, 107, 54, 202, 148)
(261, 152, 109, 322, 109, 59, 192, 137)
(279, 138, 97, 307, 131, 64, 186, 140)
(294, 142, 95, 299, 126, 65, 218, 155)
(259, 132, 100, 298, 123, 62, 223, 156)
(277, 139, 110, 306, 130, 61, 207, 116)
(279, 122, 117, 309, 125, 53, 198, 115)
(261, 118, 114, 328, 96, 45, 222, 118)
(251, 109, 139, 363, 122, 54, 213, 119)
(268, 110, 137, 370, 126, 52, 190, 122)
(254, 97, 125, 380, 140, 56, 214, 135)
(257, 101, 127, 373, 160, 63, 254, 148)
(252, 99, 130, 395, 178, 64, 239, 147)
(336, 144, 129, 357, 162, 63, 247, 169)
(329, 157, 136, 347, 159, 65, 241, 164)
(319, 156, 148, 326, 163, 60, 225, 155)
(327, 161, 152, 319, 159, 64, 205, 156)
(334, 158, 154, 271, 150, 66, 204, 155)
(257, 144, 140, 298, 156, 57, 178, 109)
(238, 137, 136, 291, 154, 58, 198, 132)
(270, 156, 118, 243, 136, 59, 201, 143)
(273, 166, 101, 229, 125, 50, 174, 135)
(268, 170, 91, 290, 131, 53, 184, 130)
(276, 158, 88, 272, 131, 54, 197, 142)
(279, 153, 86, 327, 135, 56, 206, 121)
(267, 137, 86, 332, 136, 59, 197, 110)
(286, 124, 88, 323, 135, 62, 217, 125)
(294, 126, 98, 279, 125, 58, 208, 124)
(278, 128, 92, 277, 126, 58, 197, 121)
(294, 127, 90, 212, 122, 53, 173, 130)
(275, 134, 102, 234, 126, 50, 185, 142)
(267, 134, 104, 257, 119, 46, 165, 141)
(249, 140, 113, 254, 124, 50, 172, 140)
(251, 152, 129, 346, 134, 58, 168, 135)
(258, 152, 130, 358, 137, 62, 188, 147)
(269, 148, 128, 359, 126, 58, 184, 135)
(233, 147, 129, 348, 134, 65, 204, 122)
(230, 153, 129, 389, 133, 67, 194, 122)
(254, 145, 114, 311, 126, 60, 195, 124)
(273, 154, 112, 336, 126, 58, 188, 101)
(283, 152, 117, 333, 132, 59, 196, 114)
(289, 149, 117, 355, 149, 56, 172, 110)
(321, 135, 101, 293, 137, 50, 173, 111)
(312, 124, 106, 306, 148, 55, 173, 109)
(289, 128, 108, 338, 164, 58, 152, 109)
(269, 135, 119, 332, 162, 60, 136, 104)
(301, 142, 116, 305, 139, 56, 137, 115)
(291, 153, 113, 315, 154, 63, 146, 118)
(283, 166, 109, 320, 136, 66, 152, 129)
(323, 172, 134, 292, 141, 73, 195, 141)
(328, 169, 122, 372, 169, 76, 207, 133)
(290, 157, 117, 368, 175, 75, 205, 132)
(301, 174, 181, 372, 163, 76, 251, 144)
(326, 169, 189, 353, 160, 70, 240, 133)
(277, 159, 191, 346, 145, 64, 215, 119)
(307, 155, 215, 278, 132, 63, 207, 124)
(309, 159, 216, 289, 130, 69, 234, 127)
(319, 134, 178, 294, 128, 62, 185, 108)
(296, 129, 334, 296, 127, 63, 184, 112)
(304, 119, 352, 241, 111, 61, 173, 108)
(317, 125, 360, 244, 156, 60, 166, 107)
(326, 129, 380, 338, 165, 63, 156, 108)
(311, 149, 382, 333, 171, 70, 146, 121)
(329, 150, 257, 328, 175, 69, 147, 120)
(344, 171, 240, 353, 189, 74, 182, 129)
(346, 176, 273, 358, 138, 72, 180, 130)
(369, 179, 251, 283, 127, 63, 159, 127)
(352, 159, 253, 350, 126, 53, 159, 116)
(337, 149, 300, 360, 133, 58, 171, 123)
(321, 144, 291, 356, 132, 52, 179, 159)
(295, 135, 231, 320, 134, 52, 192, 169)
(300, 143, 224, 321, 133, 59, 197, 163)
(298, 145, 217, 322, 146, 59, 230, 171)
(283, 161, 139, 361, 148, 55, 235, 167)
(304, 145, 118, 357, 137, 55, 258, 150)
(300, 159, 132, 413, 145, 54, 271, 147)
(261, 149, 151, 415, 148, 56, 269, 146)
(299, 141, 173, 429, 150, 57, 248, 139)
(307, 130, 176, 415, 147, 58, 246, 143)
(285, 146, 185, 423, 179, 57, 188, 125)
(277, 138, 165, 452, 193, 59, 161, 105)
(296, 133, 153, 442, 196, 60, 265, 138)
(292, 158, 150, 377, 185, 64, 278, 151)
(347, 174, 142, 363, 187, 69, 280, 156)
(344, 161, 152, 348, 170, 70, 288, 150)
(357, 151, 155, 287, 159, 70, 283, 148)
(350, 149, 150, 356, 161, 64, 211, 140)
(339, 122, 121, 369, 161, 59, 196, 136)
(305, 95, 133, 361, 156, 50, 179, 123)
(301, 90, 110, 384, 154, 42, 168, 124)
(276, 111, 114, 351, 137, 42, 184, 140)
(280, 112, 146, 310, 133, 46, 188, 142)
(281, 114, 203, 345, 136, 47, 174, 136)
(287, 113, 212, 366, 139, 55, 173, 134)
(284, 131, 211, 343, 122, 61, 225, 147)
(282, 128, 217, 455, 153, 67, 227, 137)
(262, 131, 198, 446, 158, 67, 203, 120)
(265, 150, 145, 423, 157, 67, 216, 121)
(236, 155, 134, 420, 148, 68, 221, 128)
(229, 146, 145, 434, 157, 64, 177, 112)
(246, 144, 134, 404, 129, 56, 158, 110)
(235, 136, 134, 405, 126, 57, 148, 102)
(220, 116, 161, 409, 128, 56, 132, 97)
(263, 111, 163, 388, 132, 46, 164, 104)
(268, 114, 164, 398, 156, 50, 178, 121)
(279, 123, 175, 336, 167, 56, 198, 131)
(298, 142, 174, 335, 155, 58, 217, 137)
(287, 143, 192, 300, 146, 58, 234, 130)
(254, 144, 201, 325, 158, 61, 213, 120)
(255, 142, 203, 295, 143, 60, 193, 112)
(248, 133, 207, 344, 136, 59, 183, 100)
(241, 140, 229, 347, 152, 65, 171, 105)
(228, 138, 206, 343, 154, 67, 143, 108)
(209, 137, 192, 323, 145, 66, 142, 117)
(225, 134, 179, 346, 138, 75, 235, 124)
(231, 136, 180, 312, 126, 73, 237, 129)
(241, 116, 174, 285, 110, 66, 235, 136)
(274, 145, 160, 300, 110, 62, 245, 143)
(289, 159, 165, 332, 123, 59, 253, 138)
(284, 162, 165, 315, 119, 41, 166, 147)
(286, 159, 149, 262, 123, 44, 159, 148)
(288, 164, 179, 312, 157, 49, 202, 151)
(298, 134, 174, 342, 203, 60, 199, 157)
(295, 114, 159, 314, 193, 63, 187, 155)
(287, 152, 188, 396, 205, 68, 223, 143)
(328, 161, 214, 409, 217, 71, 237, 161)
(355, 155, 170, 428, 207, 66, 203, 150)
(341, 156, 174, 408, 171, 60, 198, 144)
(353, 203, 198, 442, 173, 62, 218, 175)
(377, 184, 169, 364, 164, 60, 204, 184)
(330, 185, 140, 368, 150, 57, 179, 170)
(313, 218, 147, 407, 143, 59, 190, 186)
(338, 219, 147, 403, 141, 60, 225, 218)
(320, 183, 133, 380, 152, 59, 206, 200)
(312, 183, 170, 429, 148, 63, 187, 189)
(334, 175, 180, 441, 146, 65, 218, 194)
(308, 167, 174, 344, 134, 64, 218, 183)
(328, 171, 186, 347, 160, 60, 184, 147)
(362, 175, 174, 372, 158, 63, 196, 137)
(374, 181, 154, 319, 156, 63, 199, 155)
(360, 183, 143, 286, 158, 63, 167, 140)
(373, 151, 151, 322, 174, 68, 165, 139)
(336, 160, 127, 313, 143, 68, 192, 140)
(304, 184, 129, 317, 131, 63, 189, 147)
(260, 173, 106, 314, 132, 58, 213, 132)
(339, 180, 134, 344, 147, 54, 213, 136)
(352, 177, 134, 352, 164, 53, 219, 135)
(345, 181, 147, 382, 172, 56, 207, 134)
(371, 160, 160, 342, 168, 55, 192, 128)
(431, 151, 162, 348, 171, 59, 199, 137)
(380, 138, 148, 331, 176, 62, 206, 149)
(364, 152, 146, 302, 139, 57, 211, 160)
(400, 146, 161, 460, 162, 62, 229, 154)
(378, 168, 151, 490, 189, 75, 275, 181)
(354, 183, 162, 481, 185, 75, 269, 169)
(336, 213, 164, 526, 180, 81, 270, 168)
(348, 206, 155, 521, 183, 83, 256, 151)
(311, 208, 136, 412, 178, 82, 264, 166)
(328, 182, 131, 399, 158, 72, 227, 135)
(294, 183, 120, 453, 162, 72, 210, 140)
(301, 159, 119, 465, 158, 71, 230, 146)
(296, 167, 130, 478, 170, 68, 282, 209)
(268, 157, 172, 507, 160, 68, 260, 201)
(306, 160, 188, 502, 165, 70, 269, 220)
(323, 164, 203, 502, 182, 73, 280, 242)
(434, 168, 202, 460, 193, 64, 269, 233)
(454, 181, 204, 481, 210, 71, 220, 194)
(518, 199, 173, 489, 221, 72, 221, 212)
(516, 212, 166, 508, 245, 73, 231, 245)
(515, 206, 166, 467, 234, 74, 237, 228)
(466, 207, 161, 479, 232, 77, 264, 250)
(466, 208, 178, 462, 211, 71, 264, 246)
(459, 204, 183, 426, 213, 66, 259, 230)
(499, 202, 192, 434, 186, 69, 253, 186)
(514, 220, 223, 462, 180, 65, 242, 189)
(560, 225, 240, 444, 209, 70, 201, 199)
(545, 221, 223, 433, 216, 79, 233, 202)
(513, 227, 222, 434, 209, 75, 248, 224)
(456, 247, 222, 453, 221, 72, 237, 229)
(453, 239, 199, 484, 238, 70, 289, 258)
(454, 252, 219, 476, 205, 63, 304, 234)
(481, 268, 257, 527, 216, 59, 292, 232)
(507, 283, 255, 502, 207, 66, 330, 233)
(541, 314, 243, 465, 230, 68, 321, 221)
(580, 329, 229, 426, 221, 71, 281, 203)
(537, 339, 231, 463, 215, 75, 315, 209)
(571, 335, 211, 473, 264, 92, 307, 227)
(589, 360, 226, 481, 282, 103, 300, 285)
(597, 353, 237, 488, 263, 111, 317, 298)
(740, 400, 265, 472, 277, 116, 334, 294)
(766, 478, 273, 485, 289, 121, 329, 328)
(755, 517, 297, 445, 229, 110, 358, 335)
(791, 488, 286, 465, 227, 98, 334, 274)
(842, 497, 285, 437, 214, 94, 355, 271)
(719, 455, 323, 451, 214, 89, 332, 263)
(681, 414, 360, 404, 229, 78, 306, 242)
(671, 362, 330, 367, 234, 73, 260, 230)
(616, 370, 346, 362, 229, 94, 270, 267)
(488, 324, 350, 393, 246, 97, 231, 256)
(437, 337, 309, 391, 234, 100, 236, 257)
(420, 278, 235, 431, 221, 101, 221, 238)
(366, 271, 237, 465, 224, 102, 243, 222)
(329, 263, 263, 463, 274, 80, 228, 187)
(353, 259, 253, 438, 262, 67, 247, 207)
(354, 219, 244, 440, 274, 65, 253, 223)
(359, 175, 230, 376, 259, 62, 258, 211)
(382, 213, 226, 362, 253, 68, 272, 210)
(408, 229, 177, 316, 185, 72, 269, 200)
(416, 244, 176, 329, 170, 72, 263, 177)
(411, 244, 164, 414, 154, 70, 322, 158)
(406, 259, 166, 433, 153, 68, 318, 191)
(438, 254, 170, 445, 175, 65, 306, 198)
(410, 237, 164, 477, 165, 66, 320, 200)
(379, 210, 180, 480, 187, 65, 318, 201)
(433, 207, 176, 420, 169, 65, 253, 190)
(440, 207, 224, 423, 184, 68, 266, 165)
(416, 186, 229, 476, 216, 66, 283, 159)
(403, 210, 227, 462, 219, 61, 256, 161)
(405, 232, 210, 470, 202, 65, 263, 167)
(373, 277, 212, 489, 220, 63, 294, 176)
(429, 264, 160, 475, 213, 58, 293, 169)
(407, 256, 144, 398, 161, 62, 270, 180)
(426, 249, 150, 373, 156, 61, 266, 172)
(418, 236, 151, 339, 164, 60, 267, 169)
(381, 192, 139, 253, 142, 59, 210, 156)
(311, 224, 139, 370, 143, 59, 191, 153)
(294, 228, 164, 371, 144, 53, 212, 148)
(306, 224, 208, 409, 183, 55, 242, 161)
(319, 221, 247, 450, 172, 56, 221, 164)
(325, 209, 249, 489, 171, 54, 233, 167)
(375, 177, 253, 406, 168, 55, 255, 181)
(387, 156, 245, 403, 201, 70, 243, 188)
(347, 145, 230, 402, 171, 67, 222, 186)
(341, 164, 229, 392, 176, 69, 229, 179)
(356, 182, 233, 396, 173, 70, 265, 208)
(278, 175, 231, 455, 183, 73, 253, 198)
(295, 207, 226, 454, 151, 63, 242, 183)
(344, 197, 204, 419, 144, 64, 234, 174)
(380, 183, 162, 396, 155, 62, 248, 179)
(410, 189, 158, 378, 158, 64, 215, 146)
(436, 202, 181, 328, 147, 61, 228, 157)
(459, 210, 178, 317, 134, 55, 253, 161)
(473, 239, 196, 326, 138, 68, 311, 204)
(443, 235, 210, 369, 143, 79, 292, 195)
(422, 241, 207, 449, 150, 81, 300, 203)
(431, 239, 188, 443, 153, 87, 341, 217)
(397, 214, 196, 467, 166, 89, 320, 208)
(343, 182, 185, 474, 181, 80, 264, 187)
(369, 193, 176, 516, 189, 70, 263, 194)
(347, 177, 175, 442, 194, 70, 262, 188)
(300, 167, 177, 457, 199, 60, 178, 161)
(285, 176, 177, 439, 194, 63, 184, 167)
(341, 167, 159, 431, 178, 61, 190, 150)
(311, 154, 189, 444, 174, 66, 226, 169)
(292, 153, 216, 454, 169, 62, 202, 173)
(311, 176, 205, 428, 162, 65, 207, 174)
(321, 175, 242, 506, 160, 64, 204, 169)
(270, 185, 263, 490, 166, 64, 206, 160)
(283, 198, 256, 394, 152, 60, 223, 157)
(325, 237, 241, 382, 167, 62, 261, 169)
(354, 225, 261, 511, 205, 71, 306, 222)
(407, 234, 221, 449, 201, 76, 327, 248)
(409, 237, 197, 477, 202, 76, 332, 253)
(422, 238, 200, 501, 209, 84, 319, 259)
(406, 189, 186, 510, 198, 90, 299, 252)
(404, 197, 180, 380, 152, 79, 270, 197)
(354, 182, 181, 387, 169, 78, 260, 174)
(399, 170, 180, 446, 229, 95, 286, 211)
(404, 173, 162, 427, 224, 87, 323, 210)
(390, 177, 171, 409, 234, 80, 316, 203)
(416, 189, 176, 446, 242, 85, 305, 212)
(405, 189, 181, 442, 227, 82, 294, 204)
(354, 202, 194, 345, 152, 65, 278, 159)
(317, 184, 189, 355, 161, 65, 223, 123)
(385, 185, 184, 366, 137, 63, 224, 145)
(351, 174, 195, 326, 137, 61, 228, 143)
(352, 165, 188, 318, 140, 58, 229, 143)
(340, 155, 169, 338, 144, 48, 204, 145)
(339, 183, 180, 363, 156, 52, 243, 174)
(267, 187, 211, 337, 165, 54, 251, 168)
(258, 176, 191, 370, 177, 61, 251, 187)
(262, 182, 207, 367, 182, 65, 242, 188)
(258, 201, 232, 414, 194, 70, 255, 189)
(270, 182, 212, 385, 168, 66, 240, 186)
(289, 183, 195, 397, 161, 66, 237, 177)
(287, 196, 204, 384, 155, 59, 220, 161)
(343, 209, 189, 376, 158, 58, 223, 179)
(376, 192, 162, 299, 160, 60, 257, 179)
(373, 189, 168, 288, 165, 72, 232, 156)
(381, 187, 210, 327, 184, 71, 221, 152)
(417, 184, 205, 326, 180, 71, 238, 146)
(390, 167, 209, 330, 178, 75, 256, 140)
(366, 170, 211, 342, 178, 74, 216, 133)
(374, 167, 208, 333, 194, 65, 203, 138)
(365, 189, 169, 309, 175, 67, 215, 138)
(326, 197, 156, 294, 164, 71, 191, 134)
(316, 187, 180, 300, 186, 76, 160, 124)
(331, 182, 181, 301, 170, 76, 161, 132)
(373, 207, 187, 392, 186, 78, 198, 138)
(375, 191, 185, 377, 186, 75, 195, 148)
(358, 169, 242, 389, 180, 71, 210, 149)
(362, 173, 234, 404, 164, 64, 238, 155)
(367, 177, 240, 424, 171, 65, 263, 167)
(331, 168, 254, 350, 134, 61, 245, 196)
(298, 169, 261, 380, 140, 70, 254, 190)
(280, 171, 223, 382, 150, 71, 249, 194)
(261, 169, 219, 374, 157, 73, 227, 190)
(235, 154, 211, 359, 164, 70, 185, 170)
(243, 162, 194, 355, 160, 76, 189, 131)
(271, 160, 194, 332, 153, 67, 168, 131)
(282, 157, 185, 333, 159, 66, 198, 146)
(272, 156, 177, 327, 150, 58, 193, 142)
(302, 156, 193, 318, 151, 59, 206, 150)
(310, 163, 209, 308, 149, 60, 226, 202)
(315, 167, 190, 320, 152, 63, 249, 226)
(336, 178, 187, 303, 148, 62, 252, 222)
(350, 184, 233, 322, 147, 65, 248, 219)
(388, 221, 233, 367, 148, 70, 254, 260)
(354, 212, 246, 374, 145, 62, 229, 225)
(335, 195, 246, 382, 144, 63, 211, 196)
(299, 183, 243, 373, 133, 61, 183, 185)
(327, 220, 208, 356, 129, 65, 198, 201)
(254, 197, 183, 382, 114, 60, 223, 143)
(299, 185, 161, 390, 111, 65, 219, 139)
(312, 190, 150, 394, 123, 65, 236, 146)
(328, 195, 147, 386, 142, 77, 258, 151)
(299, 167, 133, 403, 142, 73, 257, 132)
(329, 161, 177, 336, 152, 69, 219, 130)
(293, 160, 170, 352, 166, 65, 221, 128)
(296, 151, 170, 310, 179, 63, 219, 132)
(299, 151, 192, 325, 175, 53, 192, 129)
(312, 137, 193, 282, 167, 61, 184, 130)
(277, 127, 154, 314, 162, 67, 228, 136)
(278, 130, 152, 296, 152, 69, 232, 140)
(296, 140, 157, 292, 154, 71, 268, 187)
(297, 142, 136, 326, 160, 68, 276, 189)
(271, 141, 180, 387, 167, 64, 297, 198)
(281, 139, 180, 361, 160, 62, 263, 192)
(300, 132, 169, 359, 167, 61, 275, 210)
(283, 130, 191, 374, 141, 57, 228, 167)
(278, 133, 226, 350, 139, 59, 216, 161)
(305, 127, 195, 301, 165, 57, 200, 155)
(311, 137, 207, 285, 175, 57, 203, 165)
(308, 138, 230, 270, 168, 60, 208, 164)
(282, 136, 212, 295, 170, 61, 197, 157)
(279, 132, 175, 312, 188, 59, 190, 173)
(301, 149, 194, 301, 160, 61, 212, 187)
(336, 151, 184, 314, 147, 59, 246, 190)
(317, 144, 158, 321, 150, 53, 225, 169)
(314, 148, 158, 264, 178, 56, 237, 169)
(322, 161, 184, 205, 146, 55, 237, 149)
(291, 153, 169, 250, 146, 53, 243, 157)
(224, 145, 178, 289, 154, 59, 233, 159)
(224, 167, 202, 296, 158, 60, 237, 163)
(277, 172, 205, 315, 130, 62, 247, 192)
(296, 153, 179, 319, 128, 63, 260, 204)
(316, 159, 171, 300, 125, 64, 252, 185)
(323, 162, 212, 286, 118, 54, 223, 174)
(323, 143, 188, 301, 141, 57, 209, 164)
(331, 160, 185, 296, 142, 56, 207, 161)
(303, 175, 192, 318, 150, 58, 201, 156)
(288, 180, 206, 386, 153, 55, 166, 146)
(309, 172, 158, 392, 156, 57, 189, 155)
(323, 187, 169, 379, 154, 57, 194, 169)
(307, 171, 172, 393, 143, 54, 188, 145)
(335, 171, 172, 386, 137, 56, 200, 155)
(334, 161, 188, 347, 138, 56, 213, 156)
(303, 168, 183, 360, 140, 58, 201, 145)
(301, 165, 183, 379, 125, 63, 252, 154)
(311, 165, 173, 376, 130, 66, 261, 155)
(322, 171, 172, 359, 124, 66, 254, 141)
(317, 164, 135, 335, 130, 66, 253, 146)
(375, 180, 152, 372, 137, 68, 252, 156)
(403, 174, 150, 356, 128, 62, 212, 147)
(384, 196, 163, 374, 133, 58, 189, 145)
(356, 187, 168, 438, 152, 56, 182, 141)
(368, 196, 172, 423, 142, 57, 205, 144)
(332, 194, 207, 452, 161, 66, 227, 164)
(313, 200, 236, 438, 157, 66, 213, 156)
(317, 177, 232, 430, 170, 62, 217, 164)
(379, 182, 242, 396, 168, 75, 223, 180)
(385, 171, 247, 398, 177, 75, 199, 191)
(373, 155, 215, 328, 156, 71, 176, 168)
(364, 138, 195, 352, 160, 70, 199, 161)
(358, 145, 254, 336, 144, 77, 187, 158)
(309, 158, 273, 307, 127, 64, 203, 146)
(289, 162, 268, 309, 129, 64, 209, 133)
(303, 158, 266, 271, 143, 55, 216, 127)
(359, 174, 253, 237, 152, 63, 227, 187)
(372, 188, 260, 257, 150, 67, 265, 198)
(360, 167, 228, 291, 149, 69, 268, 196)
(371, 183, 238, 296, 148, 70, 267, 204)
(351, 183, 237, 311, 127, 69, 265, 204)
(304, 174, 255, 350, 114, 66, 268, 186)
(283, 158, 198, 443, 152, 57, 251, 163)
(350, 183, 188, 422, 169, 64, 247, 169)
(344, 171, 182, 435, 170, 68, 274, 176)
(342, 171, 181, 435, 186, 70, 269, 175)
(337, 168, 159, 435, 189, 68, 256, 150)
(380, 165, 145, 356, 176, 73, 282, 174)
(302, 134, 146, 359, 172, 72, 276, 174)
(321, 133, 140, 346, 179, 69, 246, 149)
(350, 153, 151, 361, 162, 73, 252, 153)
(333, 160, 178, 354, 170, 73, 243, 151)
(286, 155, 186, 321, 155, 67, 284, 148)
(319, 178, 183, 340, 168, 62, 290, 156)
(286, 175, 173, 327, 159, 60, 292, 162)
(259, 161, 159, 298, 159, 60, 297, 161)
(273, 161, 145, 376, 167, 64, 301, 179)
(275, 153, 133, 372, 166, 63, 217, 163)
(310, 135, 142, 354, 139, 58, 198, 159)
(333, 160, 166, 369, 133, 58, 211, 158)
(337, 173, 227, 440, 142, 53, 202, 163)
(329, 178, 217, 391, 139, 52, 188, 132)
(342, 197, 218, 398, 142, 53, 195, 131)
(308, 191, 221, 403, 183, 69, 199, 126)
(321, 221, 234, 428, 194, 74, 175, 122)
(334, 239, 191, 348, 195, 75, 163, 114)
(325, 247, 191, 306, 182, 72, 156, 114)
(295, 252, 200, 317, 180, 72, 156, 122)
(319, 258, 192, 332, 138, 61, 191, 123)
(275, 229, 162, 318, 123, 58, 233, 138)
(310, 209, 182, 325, 122, 57, 228, 137)
(323, 208, 214, 442, 132, 58, 251, 155)
(348, 189, 204, 488, 149, 58, 247, 162)
(314, 195, 228, 496, 164, 64, 218, 162)
(310, 196, 226, 472, 166, 64, 173, 155)
(291, 186, 201, 483, 172, 62, 215, 162)
(282, 184, 187, 423, 162, 61, 208, 160)
(264, 193, 196, 346, 141, 69, 218, 160)
(296, 183, 192, 329, 122, 64, 212, 159)
(332, 183, 199, 388, 128, 63, 218, 166)
(327, 185, 193, 377, 116, 64, 198, 174)
(378, 167, 177, 335, 124, 66, 190, 171)
(423, 156, 198, 390, 129, 56, 203, 168)
(404, 156, 189, 458, 144, 57, 224, 170)
(376, 182, 206, 413, 140, 53, 212, 158)
(359, 186, 244, 444, 142, 57, 221, 146)
(331, 194, 238, 460, 142, 58, 237, 143)
(293, 206, 219, 485, 178, 60, 237, 136)
(299, 201, 238, 443, 192, 59, 231, 123)
(297, 182, 237, 456, 205, 67, 246, 128)
(297, 186, 217, 425, 197, 62, 223, 121)
(265, 186, 216, 405, 203, 61, 214, 122)
(238, 172, 204, 380, 189, 65, 210, 136)
(243, 181, 183, 364, 190, 70, 198, 146)
(250, 174, 172, 370, 166, 68, 187, 149)
(242, 162, 148, 363, 188, 72, 186, 164)
(264, 151, 146, 357, 182, 76, 201, 162)
(276, 159, 162, 381, 182, 72, 195, 150)
(279, 157, 151, 386, 158, 68, 228, 152)
(320, 138, 159, 377, 178, 67, 241, 150)
(322, 142, 179, 383, 181, 66, 252, 138)
(314, 155, 182, 413, 175, 63, 242, 151)
(339, 153, 183, 373, 166, 65, 270, 165)
(311, 145, 188, 352, 169, 66, 275, 167)
(269, 161, 179, 365, 158, 65, 289, 180)
(293, 179, 181, 401, 134, 68, 296, 179)
(323, 169, 183, 381, 141, 73, 373, 183)
(303, 170, 198, 381, 138, 74, 346, 174)
(319, 167, 193, 431, 140, 74, 326, 163)
(380, 162, 187, 439, 140, 79, 311, 164)
(386, 151, 163, 392, 135, 78, 334, 193)
(367, 165, 168, 391, 132, 74, 252, 190)
(380, 173, 146, 385, 139, 71, 244, 195)
(434, 206, 149, 349, 142, 75, 255, 206)
(391, 195, 152, 355, 133, 68, 271, 205)
(401, 189, 157, 441, 136, 65, 255, 192)
(416, 190, 178, 446, 165, 64, 274, 195)
(184, 155, 153, 400, 143, 61, 74, 65)
(194, 175, 154, 417, 137, 55, 59, 57)
(195, 177, 121, 302, 135, 59, 69, 68)
(208, 176, 106, 295, 122, 50, 68, 66)
(202, 148, 93, 300, 104, 41, 81, 66)
(200, 149, 71, 278, 119, 43, 77, 66)
(160, 113, 53, 283, 115, 44, 81, 59)
(140, 72, 64, 297, 119, 46, 92, 50)
(121, 74, 65, 301, 127, 50, 103, 49)
(94, 67, 67, 297, 116, 49, 91, 46)
(84, 72, 66, 287, 114, 50, 91, 49)
(93, 72, 67, 315, 161, 55, 93, 52)
(87, 70, 62, 324, 159, 45, 84, 51)
(77, 64, 57, 317, 156, 39, 74, 49)
(79, 61, 60, 331, 165, 45, 82, 51)
(84, 42, 56, 330, 174, 50, 86, 47)
(88, 43, 56, 286, 129, 43, 91, 59)
(108, 51, 49, 273, 133, 47, 91, 68)
(105, 51, 55, 280, 138, 51, 94, 69)
(104, 56, 57, 261, 158, 50, 86, 70)
(111, 55, 67, 251, 138, 45, 85, 74)
(119, 69, 87, 246, 139, 50, 74, 65)
(160, 90, 104, 248, 129, 49, 60, 62)
(167, 93, 121, 239, 123, 46, 71, 66)
(170, 93, 152, 249, 81, 43, 90, 71)
(161, 111, 162, 266, 72, 43, 90, 75)
(156, 150, 340, 326, 69, 45, 90, 82)
(114, 158, 363, 302, 65, 48, 106, 87)
(114, 169, 386, 296, 62, 68, 104, 87)
(127, 217, 401, 320, 63, 74, 103, 87)
(170, 248, 419, 333, 76, 77, 131, 93)
(177, 247, 311, 298, 96, 74, 143, 87)
(206, 305, 285, 321, 119, 74, 136, 78)
(262, 309, 284, 324, 122, 57, 133, 89)
(285, 322, 252, 350, 137, 48, 157, 91)
(269, 299, 259, 364, 185, 58, 149, 84)
(284, 285, 242, 403, 218, 64, 137, 92)
(344, 214, 235, 405, 210, 64, 135, 109)
(357, 212, 188, 402, 212, 69, 138, 106)
(376, 142, 185, 370, 246, 77, 118, 120)
(401, 147, 112, 345, 243, 75, 110, 121)
(416, 150, 87, 310, 220, 76, 118, 124)
(420, 146, 98, 348, 248, 86, 120, 114)
(430, 141, 98, 355, 252, 88, 125, 125)
(413, 139, 85, 358, 241, 88, 127, 128)
(400, 123, 103, 423, 254, 90, 118, 131)
(389, 120, 104, 423, 269, 88, 125, 133)
(362, 120, 93, 385, 256, 81, 132, 140)
(322, 110, 95, 490, 266, 81, 124, 133)
(330, 138, 97, 590, 244, 79, 130, 118)
(338, 138, 73, 562, 223, 69, 146, 135)
(321, 137, 78, 553, 216, 70, 139, 130)
(279, 136, 78, 566, 211, 66, 132, 120)
(291, 137, 86, 498, 200, 66, 157, 123)
(322, 116, 106, 425, 232, 63, 136, 123)
(315, 115, 109, 430, 223, 65, 124, 100)
(333, 106, 103, 445, 209, 58, 121, 96)
(349, 103, 126, 522, 263, 88, 183, 134)
(325, 105, 117, 547, 266, 86, 165, 125)
(287, 105, 97, 502, 238, 87, 174, 132)
(304, 133, 118, 540, 267, 95, 219, 149)
(294, 139, 125, 546, 279, 99, 231, 160)
(283, 148, 109, 453, 235, 82, 197, 138)
(303, 152, 111, 420, 233, 85, 202, 151)
(294, 152, 118, 428, 233, 82, 202, 153)
(261, 127, 90, 334, 181, 68, 156, 134)
(248, 120, 89, 305, 177, 65, 137, 120)
(233, 145, 88, 314, 159, 52, 121, 111)
(201, 140, 84, 309, 171, 44, 108, 91)
(191, 136, 77, 274, 182, 49, 111, 86)
(199, 137, 78, 307, 188, 54, 128, 94)
(212, 146, 73, 351, 171, 54, 131, 96)
(219, 109, 69, 395, 187, 56, 140, 98)
(233, 107, 70, 385, 183, 58, 138, 103)
(234, 101, 76, 425, 192, 63, 137, 99)
(267, 122, 76, 412, 195, 68, 117, 89)
(258, 111, 75, 357, 189, 69, 151, 97)
(280, 118, 73, 330, 206, 72, 150, 94)
(264, 117, 86, 337, 199, 71, 155, 99)
(324, 142, 78, 301, 177, 67, 151, 93)
(295, 138, 81, 307, 181, 61, 154, 101)
(329, 140, 81, 313, 185, 61, 138, 106)
(343, 170, 101, 359, 209, 71, 201, 156)
(355, 171, 88, 334, 206, 78, 207, 169)
(306, 167, 87, 319, 215, 73, 203, 179)
(308, 164, 93, 334, 214, 74, 196, 174)
(288, 162, 98, 384, 216, 73, 183, 172)
(255, 146, 80, 357, 191, 66, 104, 128)
(268, 182, 82, 359, 190, 60, 136, 122)
(265, 172, 93, 400, 205, 69, 138, 108)
(265, 167, 93, 397, 195, 66, 143, 113)
(282, 184, 104, 414, 241, 83, 166, 127)
(268, 171, 102, 375, 220, 79, 165, 127)
(321, 140, 102, 403, 218, 80, 137, 114)
(323, 142, 92, 376, 195, 73, 136, 111)
(321, 156, 88, 385, 202, 74, 133, 110)
(288, 135, 67, 364, 168, 56, 110, 81)
(284, 133, 67, 387, 176, 60, 128, 82)
(215, 162, 95, 367, 190, 67, 145, 105)
(211, 181, 101, 363, 195, 78, 164, 124)
(246, 178, 100, 389, 189, 80, 169, 129)
(317, 196, 101, 399, 188, 84, 178, 135)
(341, 201, 100, 378, 184, 81, 172, 134)
(359, 183, 77, 383, 166, 71, 149, 117)
(364, 173, 72, 399, 166, 67, 142, 130)
(341, 175, 69, 401, 171, 65, 196, 142)
(274, 158, 68, 339, 135, 58, 190, 142)
(252, 153, 65, 331, 114, 54, 184, 140)
(210, 140, 70, 331, 119, 55, 190, 143)
(228, 131, 68, 314, 113, 52, 187, 125)
(219, 111, 79, 262, 108, 57, 131, 112)
(243, 133, 82, 294, 122, 56, 122, 109)
(248, 139, 85, 292, 129, 60, 145, 113)
(238, 140, 77, 275, 127, 66, 165, 113)
(211, 142, 85, 325, 191, 64, 156, 99)
(209, 146, 75, 319, 191, 59, 156, 92)
(191, 122, 70, 290, 182, 59, 185, 101)
(170, 117, 74, 323, 185, 57, 172, 94)
(198, 110, 76, 367, 211, 48, 151, 84)
(206, 105, 67, 319, 167, 43, 179, 84)
(213, 99, 66, 327, 162, 48, 211, 103)
(239, 113, 68, 365, 172, 50, 209, 108)
(236, 119, 60, 344, 178, 54, 213, 116)
(211, 124, 58, 321, 149, 54, 209, 114)
(195, 115, 55, 319, 134, 52, 185, 114)
(208, 118, 69, 323, 135, 51, 162, 103)
(197, 110, 68, 287, 136, 53, 131, 89)
(214, 97, 66, 277, 127, 49, 152, 85)
(249, 93, 70, 314, 137, 48, 156, 87)
(258, 110, 68, 328, 142, 51, 161, 86)
(252, 131, 56, 301, 139, 49, 147, 80)
(242, 130, 49, 291, 123, 44, 149, 83)
(245, 137, 53, 289, 142, 45, 152, 84)
(200, 150, 61, 280, 136, 47, 154, 83)
(182, 140, 69, 269, 146, 49, 170, 92)
(176, 128, 74, 275, 156, 54, 170, 98)
(196, 125, 75, 294, 159, 56, 168, 96)
(195, 115, 79, 322, 140, 62, 168, 102)
(210, 95, 73, 258, 131, 62, 178, 106)
(214, 91, 70, 273, 118, 65, 176, 102)
(211, 78, 66, 288, 133, 63, 169, 98)
(202, 82, 69, 286, 131, 62, 175, 95)
(231, 95, 70, 265, 138, 64, 160, 92)
(221, 97, 66, 279, 139, 63, 165, 88)
(229, 99, 66, 264, 141, 60, 151, 85)
(234, 97, 67, 236, 124, 59, 151, 81)
(242, 97, 70, 242, 154, 65, 158, 80)
(220, 89, 61, 229, 140, 59, 173, 75)
(237, 91, 62, 240, 139, 59, 167, 80)
(233, 105, 80, 244, 144, 63, 160, 77)
(226, 103, 79, 254, 148, 64, 178, 83)
(211, 107, 77, 292, 135, 59, 167, 80)
(223, 122, 80, 300, 155, 58, 149, 85)
(203, 120, 87, 328, 193, 66, 165, 86)
(200, 105, 68, 327, 188, 64, 173, 86)
(222, 110, 68, 338, 191, 68, 153, 83)
(217, 102, 63, 292, 180, 69, 171, 91)
(197, 77, 60, 283, 171, 67, 159, 82)
(193, 85, 56, 280, 157, 67, 135, 79)
(208, 96, 60, 331, 190, 66, 175, 101)
(192, 106, 62, 318, 184, 61, 190, 101)
(189, 114, 62, 310, 188, 60, 172, 98)
(176, 121, 68, 323, 185, 61, 176, 98)
(212, 136, 63, 285, 170, 55, 176, 111)
(186, 131, 59, 267, 145, 56, 172, 104)
(244, 134, 60, 266, 144, 55, 171, 108)
(267, 127, 65, 275, 144, 57, 171, 109)
(279, 124, 62, 250, 145, 54, 174, 109)
(257, 107, 74, 288, 139, 52, 176, 94)
(276, 112, 75, 251, 113, 46, 156, 81)
(232, 109, 80, 283, 119, 49, 149, 79)
(214, 109, 79, 309, 115, 50, 156, 79)
(195, 114, 77, 347, 110, 55, 181, 94)
(207, 112, 67, 317, 126, 67, 216, 96)
(192, 111, 68, 305, 137, 67, 203, 94)
(226, 104, 77, 352, 148, 66, 197, 96)
(217, 103, 72, 347, 152, 63, 194, 89)
(238, 102, 76, 353, 192, 63, 184, 85)
(272, 99, 75, 370, 188, 48, 146, 89)
(292, 94, 71, 391, 184, 49, 148, 93)
(253, 80, 51, 317, 168, 48, 151, 84)
(259, 85, 52, 298, 176, 51, 146, 93)
(260, 78, 51, 257, 144, 48, 125, 92)
(226, 90, 60, 230, 143, 46, 160, 95)
(193, 94, 64, 227, 150, 45, 178, 100)
(216, 95, 65, 243, 162, 44, 179, 106)
(212, 96, 67, 238, 149, 40, 189, 105)
(194, 96, 67, 227, 134, 44, 209, 104)
(191, 101, 60, 264, 131, 50, 197, 98)
(197, 102, 65, 292, 173, 52, 197, 96)
(184, 109, 64, 308, 160, 60, 199, 92)
(178, 106, 75, 335, 176, 66, 225, 105)
(201, 116, 75, 358, 181, 62, 214, 103)
(189, 113, 74, 347, 187, 59, 185, 99)
(181, 114, 64, 303, 143, 56, 176, 96)
(260, 116, 69, 310, 151, 56, 223, 125)
(257, 119, 55, 278, 136, 51, 195, 112)
(267, 116, 55, 276, 140, 51, 186, 109)
(268, 105, 64, 269, 157, 54, 188, 109)
(270, 98, 68, 279, 162, 54, 179, 106)
(194, 92, 62, 269, 163, 48, 125, 88)
(203, 86, 70, 289, 178, 60, 147, 89)
(161, 97, 83, 311, 193, 65, 150, 86)
(155, 112, 76, 329, 187, 70, 152, 87)
(160, 111, 74, 336, 192, 69, 151, 94)
(199, 111, 76, 326, 199, 78, 144, 86)
(198, 129, 78, 321, 217, 81, 123, 120)
(212, 117, 72, 290, 230, 86, 129, 144)
(215, 102, 71, 265, 221, 85, 132, 145)
(207, 113, 75, 277, 220, 85, 168, 148)
(181, 116, 73, 268, 208, 75, 174, 162)
(189, 103, 74, 263, 173, 69, 176, 140)
(174, 105, 65, 262, 124, 56, 195, 119)
(210, 109, 69, 281, 119, 55, 222, 124)
(247, 100, 74, 252, 135, 68, 199, 125)
(230, 100, 77, 244, 133, 69, 193, 106)
(213, 96, 77, 254, 133, 74, 209, 104)
(219, 111, 88, 282, 157, 80, 214, 112)
(196, 110, 85, 254, 160, 76, 195, 107)
(156, 110, 88, 296, 143, 69, 193, 100)
(173, 110, 92, 325, 155, 77, 203, 91)
(213, 107, 90, 339, 159, 72, 211, 117)
(215, 85, 87, 316, 146, 67, 218, 113)
(217, 80, 85, 326, 144, 67, 210, 111)
(229, 85, 82, 344, 147, 64, 253, 133)
(238, 81, 74, 325, 146, 60, 253, 138)
(225, 89, 68, 307, 148, 68, 256, 123)
(229, 94, 64, 320, 167, 71, 244, 136)
(232, 100, 67, 314, 168, 73, 245, 136)
(223, 98, 61, 269, 161, 79, 208, 118)
(226, 104, 63, 295, 152, 78, 222, 120)
(219, 101, 65, 291, 155, 70, 199, 116)
(218, 105, 78, 279, 130, 64, 179, 97)
(215, 100, 78, 276, 127, 65, 174, 98)
(213, 105, 78, 285, 127, 54, 162, 89)
(198, 95, 79, 271, 128, 53, 137, 81)
(218, 101, 82, 267, 122, 49, 116, 83)
(206, 103, 75, 272, 169, 58, 126, 96)
(197, 111, 76, 273, 172, 63, 171, 100)
(198, 98, 74, 278, 172, 67, 172, 103)
(203, 109, 77, 273, 187, 68, 186, 101)
(174, 113, 80, 290, 193, 67, 192, 95)
(165, 102, 68, 271, 151, 61, 188, 82)
(201, 100, 68, 312, 188, 58, 160, 77)
(234, 105, 68, 287, 188, 54, 188, 80)
(267, 100, 66, 297, 180, 49, 165, 80)
(283, 90, 55, 291, 175, 50, 167, 80)
(287, 90, 56, 307, 189, 53, 175, 85)
(265, 88, 57, 252, 144, 52, 216, 111)
(230, 99, 59, 245, 145, 56, 195, 110)
(202, 110, 61, 230, 148, 58, 204, 110)
(214, 111, 67, 251, 169, 72, 212, 117)
(240, 119, 68, 245, 166, 68, 206, 120)
(231, 116, 67, 270, 166, 69, 163, 90)
(263, 108, 70, 315, 176, 68, 203, 96)
(252, 97, 74, 323, 191, 67, 194, 98)
(236, 107, 71, 292, 170, 52, 182, 91)
(211, 97, 72, 298, 160, 53, 174, 80)
(243, 122, 74, 284, 161, 53, 196, 98)
(239, 122, 69, 263, 147, 51, 173, 107)
(239, 121, 62, 257, 118, 50, 176, 104)
(244, 111, 66, 274, 119, 60, 174, 104)
(257, 116, 66, 269, 132, 62, 184, 112)
(238, 94, 63, 263, 129, 59, 174, 101)
(213, 97, 72, 238, 146, 67, 161, 87)
(214, 93, 82, 263, 176, 74, 171, 90)
(191, 92, 77, 258, 185, 64, 174, 88)
(180, 101, 86, 270, 187, 69, 163, 87)
(169, 110, 92, 309, 192, 71, 168, 95)
(199, 116, 87, 327, 182, 66, 160, 96)
(217, 128, 84, 341, 151, 63, 147, 94)
(237, 126, 87, 345, 142, 70, 193, 118)
(229, 121, 93, 335, 128, 66, 195, 118)
(229, 127, 88, 309, 124, 66, 196, 116)
(203, 118, 98, 301, 130, 67, 197, 111)
(190, 106, 95, 254, 138, 70, 221, 112)
(197, 120, 99, 252, 123, 67, 181, 89)
(235, 116, 84, 240, 120, 65, 179, 84)
(270, 103, 91, 232, 136, 72, 155, 80)
(292, 102, 100, 318, 205, 77, 162, 79)
(296, 102, 102, 318, 205, 75, 159, 93)
(275, 106, 100, 341, 210, 71, 156, 92)
(244, 108, 99, 354, 212, 71, 159, 90)
(211, 110, 108, 373, 202, 58, 164, 86)
(208, 125, 98, 325, 134, 52, 165, 93)
(191, 125, 95, 332, 137, 45, 137, 75)
(208, 112, 96, 298, 138, 47, 142, 81)
(233, 109, 100, 286, 165, 67, 164, 93)
(240, 104, 88, 253, 163, 68, 208, 96)
(225, 86, 82, 251, 170, 75, 203, 96)
(238, 88, 75, 281, 160, 77, 204, 96)
(248, 85, 65, 274, 161, 76, 197, 92)
(252, 82, 61, 277, 137, 61, 185, 90)
(239, 76, 67, 303, 137, 66, 200, 91)
(231, 85, 79, 278, 129, 61, 197, 89)
(216, 79, 81, 236, 131, 60, 193, 91)
(204, 86, 88, 260, 160, 66, 222, 103)
(178, 96, 86, 267, 159, 72, 266, 99)
(176, 105, 77, 268, 174, 69, 232, 99)
(200, 102, 65, 283, 172, 67, 246, 111)
(195, 101, 64, 281, 176, 69, 243, 107)
(172, 104, 54, 263, 143, 68, 223, 97)
(160, 117, 60, 263, 146, 61, 227, 119)
(171, 119, 64, 252, 134, 58, 219, 114)
(165, 118, 78, 278, 136, 54, 214, 106)
(177, 134, 86, 299, 133, 54, 216, 106)
(207, 125, 85, 287, 129, 53, 239, 113)
(224, 120, 92, 287, 132, 55, 188, 86)
(213, 117, 90, 291, 129, 57, 184, 80)
(221, 116, 79, 241, 129, 56, 176, 78)
(218, 101, 70, 211, 131, 53, 187, 93)
(200, 113, 77, 265, 143, 58, 186, 92)
(181, 100, 63, 250, 127, 57, 194, 96)
(189, 93, 68, 234, 143, 61, 185, 97)
(153, 96, 72, 236, 136, 65, 186, 100)
(148, 106, 78, 266, 132, 67, 204, 98)
(140, 102, 78, 224, 123, 60, 178, 90)
(151, 107, 81, 258, 134, 59, 163, 84)
(176, 118, 82, 284, 139, 62, 175, 95)
(198, 117, 77, 288, 134, 57, 181, 88)
(203, 119, 80, 277, 134, 63, 175, 82)
(208, 116, 77, 317, 150, 64, 169, 85)
(205, 115, 77, 296, 157, 62, 163, 82)
(192, 117, 76, 289, 154, 53, 153, 71)
(190, 118, 72, 281, 157, 55, 178, 79)
(207, 123, 63, 265, 157, 48, 160, 90)
(209, 122, 64, 240, 158, 58, 166, 90)
(232, 119, 60, 229, 148, 69, 162, 94)
(226, 113, 58, 249, 153, 71, 187, 97)
(206, 109, 62, 247, 147, 74, 157, 93)
(196, 93, 63, 255, 144, 74, 146, 79)
(192, 103, 58, 239, 131, 65, 162, 81)
(189, 107, 58, 291, 142, 58, 181, 76)
(233, 129, 64, 346, 148, 59, 163, 92)
(237, 135, 66, 366, 159, 54, 161, 88)
(224, 131, 64, 364, 164, 52, 169, 85)
(230, 125, 63, 369, 166, 51, 146, 80)
(204, 129, 72, 367, 164, 49, 172, 91)
(179, 109, 63, 301, 138, 48, 185, 92)
(183, 105, 66, 308, 137, 49, 184, 100)
(180, 113, 65, 321, 131, 50, 192, 100)
(170, 114, 67, 328, 123, 49, 200, 105)
(183, 108, 73, 325, 126, 57, 213, 106)
(160, 104, 74, 314, 154, 56, 202, 100)
(151, 101, 71, 295, 146, 54, 209, 103)
(156, 97, 76, 280, 151, 58, 194, 99)
(205, 101, 84, 279, 151, 62, 186, 104)
(201, 103, 75, 257, 144, 62, 133, 97)
(213, 99, 77, 264, 123, 67, 138, 95)
(226, 99, 77, 268, 144, 69, 144, 106)
(241, 99, 78, 292, 147, 70, 170, 116)
(200, 101, 80, 278, 146, 70, 194, 112)
(189, 94, 84, 283, 156, 66, 201, 110)
(168, 96, 90, 301, 154, 60, 189, 110)
(183, 97, 93, 307, 133, 62, 181, 95)
(169, 102, 96, 284, 130, 58, 157, 91)
(187, 96, 92, 278, 147, 62, 145, 88)
(189, 99, 85, 251, 126, 58, 145, 89)
(200, 97, 76, 221, 114, 57, 165, 91)
(169, 94, 71, 262, 132, 59, 174, 87)
(183, 88, 65, 323, 144, 57, 174, 81)
(172, 90, 59, 325, 127, 48, 194, 75)
(188, 97, 61, 325, 130, 49, 183, 82)
(189, 97, 57, 316, 134, 49, 161, 74)
(198, 99, 52, 258, 114, 43, 150, 79)
(194, 95, 48, 181, 92, 42, 157, 94)
(181, 89, 49, 197, 97, 43, 135, 98)
(176, 72, 47, 255, 99, 42, 163, 95)
(172, 75, 52, 284, 107, 42, 163, 93)
(167, 67, 53, 284, 115, 45, 168, 88)
(151, 86, 54, 279, 110, 44, 170, 71)
(154, 88, 52, 262, 121, 50, 160, 90)
(151, 90, 52, 211, 117, 50, 143, 99)
(147, 95, 54, 193, 114, 53, 149, 99)
(145, 95, 52, 208, 111, 48, 146, 104)
(142, 78, 55, 230, 140, 52, 135, 102)
(142, 76, 53, 252, 128, 48, 138, 89)
(120, 76, 60, 261, 133, 47, 163, 80)
(116, 72, 58, 253, 135, 45, 157, 77)
(131, 80, 60, 256, 133, 54, 194, 78)
(142, 96, 59, 257, 118, 56, 207, 84)
(137, 94, 66, 247, 122, 55, 199, 88)
(174, 91, 68, 298, 140, 57, 217, 86)
(173, 88, 68, 299, 135, 53, 227, 87)
(213, 106, 71, 295, 153, 53, 192, 86)
(215, 97, 69, 302, 151, 48, 186, 85)
(215, 100, 61, 300, 148, 53, 184, 72)
(197, 99, 55, 266, 126, 52, 176, 75)
(213, 99, 51, 248, 127, 65, 188, 81)
(187, 80, 46, 246, 131, 63, 184, 76)
(179, 70, 47, 220, 128, 63, 181, 83)
(183, 67, 53, 212, 129, 65, 184, 89)
(189, 69, 66, 236, 139, 64, 153, 92)
(167, 68, 70, 249, 149, 57, 131, 85)
(141, 64, 71, 239, 131, 52, 135, 85)
(152, 67, 69, 238, 129, 54, 135, 87)
(151, 70, 67, 233, 121, 50, 133, 83)
(147, 71, 55, 228, 140, 50, 115, 73)
(150, 74, 55, 219, 127, 49, 153, 78)
(145, 73, 58, 240, 127, 52, 152, 74)
(154, 72, 59, 238, 130, 53, 151, 67)
(153, 67, 58, 282, 138, 49, 151, 65)
(143, 66, 58, 312, 120, 52, 147, 62)
(143, 57, 51, 316, 120, 54, 161, 66)
(135, 54, 50, 324, 115, 53, 159, 68)
(114, 54, 52, 324, 104, 50, 165, 64)
(134, 65, 49, 283, 100, 52, 166, 69)
(139, 75, 47, 196, 95, 50, 162, 69)
(153, 80, 49, 191, 96, 54, 160, 73)
(152, 82, 50, 179, 96, 59, 172, 79)
(145, 79, 49, 184, 104, 60, 161, 75)
(127, 81, 51, 214, 114, 58, 159, 72)
(141, 84, 51, 239, 101, 56, 162, 74)
(125, 92, 49, 270, 109, 45, 109, 59)
(132, 95, 48, 245, 109, 40, 119, 68)
(133, 97, 45, 247, 111, 40, 131, 70)
(150, 101, 60, 313, 101, 43, 134, 71)
(129, 98, 64, 303, 117, 43, 137, 74)
(129, 94, 67, 278, 115, 45, 177, 82)
(127, 90, 74, 298, 138, 44, 159, 71)
