365, 503, 624, 473, 223, 97, 104, 141
482, 562, 581, 519, 296, 134, 132, 242
704, 596, 524, 578, 353, 144, 153, 303
859, 666, 501, 631, 375, 158, 182, 345
992, 733, 359, 608, 405, 177, 213, 371
1079, 893, 330, 600, 472, 223, 297, 410
1084, 975, 406, 634, 514, 292, 339, 447
1025, 1152, 465, 673, 568, 367, 515, 466
1005, 1190, 461, 687, 640, 402, 537, 541
1032, 1202, 480, 796, 729, 433, 567, 721
953, 1159, 470, 791, 696, 413, 534, 762
1066, 1143, 420, 837, 695, 390, 566, 854
1054, 1051, 368, 891, 726, 350, 419, 843
1029, 1080, 373, 869, 664, 331, 401, 961
984, 1109, 357, 833, 583, 314, 370, 1003
1075, 1122, 375, 854, 610, 338, 380, 1016
960, 1133, 398, 765, 598, 327, 306, 951
1007, 1091, 386, 675, 480, 291, 321, 1065
947, 1119, 428, 686, 481, 263, 302, 977
884, 1166, 432, 636, 448, 233, 267, 820
784, 1163, 426, 619, 414, 201, 241, 839
870, 1173, 392, 617, 353, 169, 228, 848
855, 1174, 416, 590, 353, 172, 187, 707
937, 1101, 440, 534, 330, 180, 249, 679
948, 1043, 471, 555, 302, 163, 319, 727
1065, 1037, 487, 541, 247, 158, 322, 682
1101, 995, 512, 528, 213, 144, 311, 620
1153, 986, 553, 482, 176, 141, 314, 604
1268, 976, 501, 477, 159, 122, 272, 559
1361, 973, 563, 413, 171, 128, 224, 496
1346, 905, 573, 358, 182, 123, 261, 467
1256, 901, 546, 394, 191, 128, 257, 444
1267, 860, 505, 344, 203, 151, 289, 510
1207, 818, 515, 383, 193, 172, 330, 567
1180, 806, 574, 417, 184, 183, 326, 587
1179, 861, 572, 453, 201, 185, 297, 607
1271, 834, 621, 448, 197, 183, 324, 631
1221, 854, 688, 482, 179, 196, 392, 597
1183, 823, 751, 507, 202, 220, 411, 510
1223, 809, 753, 491, 213, 246, 592, 479
1160, 783, 809, 604, 257, 264, 854, 474
1159, 795, 829, 587, 269, 279, 925, 495
1202, 770, 774, 631, 339, 261, 926, 487
1252, 815, 704, 639, 403, 241, 910, 551
1177, 821, 592, 700, 525, 259, 812, 562
1200, 782, 489, 687, 535, 249, 542, 533
1188, 728, 369, 729, 531, 237, 398, 593
1182, 706, 349, 709, 494, 249, 343, 639
1240, 668, 321, 730, 458, 241, 359, 665
1227, 625, 280, 692, 406, 232, 348, 633
1239, 627, 270, 740, 371, 223, 344, 609
1262, 663, 285, 735, 397, 221, 345, 575
1262, 678, 256, 799, 421, 221, 310, 603
1239, 695, 253, 746, 404, 216, 289, 534
1295, 705, 267, 730, 340, 183, 274, 570
1337, 689, 274, 630, 360, 191, 282, 572
1314, 716, 279, 665, 343, 187, 382, 546
1290, 676, 272, 570, 309, 169, 405, 488
1241, 650, 258, 688, 303, 164, 399, 536
1214, 583, 244, 707, 267, 146, 389, 496
1166, 555, 227, 676, 222, 135, 398, 536
1155, 489, 213, 641, 229, 135, 353, 580
1152, 461, 224, 635, 228, 141, 345, 565
1096, 422, 225, 508, 236, 146, 348, 528
1142, 443, 211, 477, 249, 151, 411, 625
1183, 520, 201, 517, 252, 156, 395, 630
1235, 545, 215, 584, 255, 155, 369, 574
1310, 664, 231, 659, 270, 160, 390, 603
1379, 721, 242, 693, 279, 175, 419, 680
1360, 753, 262, 743, 298, 178, 414, 666
1419, 743, 299, 750, 374, 188, 450, 718
1344, 784, 290, 713, 373, 194, 491, 717
1308, 697, 276, 728, 384, 189, 481, 714
1339, 759, 288, 715, 373, 201, 584, 706
1320, 718, 297, 689, 367, 199, 569, 675
1266, 713, 264, 677, 289, 198, 576, 633
1405, 686, 294, 712, 309, 217, 641, 671
1421, 708, 292, 629, 303, 232, 749, 755
1348, 583, 269, 643, 299, 208, 648, 727
1365, 618, 295, 656, 320, 210, 653, 708
1351, 728, 327, 685, 370, 220, 682, 709
1285, 816, 327, 632, 350, 199, 600, 780
1290, 824, 336, 648, 383, 188, 478, 719
1301, 845, 341, 633, 390, 199, 517, 730
1232, 804, 315, 660, 368, 197, 525, 756
1153, 763, 304, 644, 345, 173, 461, 783
1058, 629, 278, 623, 391, 187, 466, 783
961, 578, 267, 599, 356, 176, 450, 745
896, 576, 281, 619, 362, 161, 422, 724
908, 599, 270, 576, 347, 148, 374, 701
1021, 489, 262, 617, 350, 163, 489, 637
1023, 549, 285, 626, 306, 152, 457, 535
1021, 633, 301, 661, 333, 160, 445, 527
1058, 609, 291, 622, 343, 163, 473, 516
1156, 666, 305, 596, 344, 162, 486, 528
1112, 694, 305, 541, 304, 155, 378, 523
1157, 713, 286, 527, 294, 150, 413, 470
1205, 681, 284, 549, 251, 133, 421, 545
1299, 762, 297, 562, 230, 127, 389, 547
1223, 719, 272, 530, 213, 122, 380, 570
1243, 728, 256, 473, 205, 99, 366, 572
1263, 642, 293, 533, 289, 124, 362, 583
1183, 616, 279, 486, 300, 139, 339, 498
1083, 554, 292, 498, 295, 138, 313, 511
1067, 561, 313, 549, 301, 141, 343, 583
1049, 494, 350, 593, 337, 159, 479, 709
983, 511, 340, 556, 269, 140, 511, 709
1034, 539, 378, 557, 249, 130, 598, 780
1063, 595, 428, 574, 302, 130, 748, 770
1113, 678, 470, 639, 408, 172, 798, 758
1137, 684, 472, 655, 427, 172, 715, 675
1228, 744, 467, 642, 426, 176, 791, 783
1261, 764, 482, 711, 457, 205, 803, 722
1273, 716, 437, 702, 432, 203, 702, 700
1243, 619, 408, 749, 372, 176, 688, 614
1239, 680, 394, 716, 338, 195, 764, 585
1255, 683, 452, 756, 365, 227, 714, 488
1300, 667, 408, 743, 326, 205, 650, 538
1213, 648, 380, 736, 312, 213, 663, 588
1171, 682, 360, 592, 275, 234, 688, 590
1169, 637, 402, 614, 270, 204, 617, 623
1071, 664, 325, 619, 246, 182, 627, 729
1050, 621, 326, 601, 259, 192, 689, 763
1084, 629, 346, 597, 255, 186, 646, 741
1087, 589, 373, 612, 270, 159, 569, 808
1072, 591, 318, 624, 274, 166, 587, 818
1098, 458, 301, 566, 254, 157, 553, 701
1027, 488, 296, 580, 271, 139, 484, 625
1015, 467, 341, 581, 288, 146, 511, 640
1047, 525, 359, 661, 356, 171, 530, 551
1041, 576, 343, 631, 346, 167, 494, 520
1105, 582, 369, 631, 345, 152, 434, 505
1061, 580, 392, 585, 329, 154, 410, 484
1058, 601, 348, 691, 355, 171, 376, 455
1130, 541, 289, 601, 261, 142, 317, 460
1065, 443, 315, 696, 311, 160, 314, 379
899, 448, 315, 717, 333, 165, 336, 383
987, 465, 277, 703, 325, 164, 325, 394
1006, 475, 290, 632, 301, 169, 367, 382
905, 538, 301, 659, 304, 183, 420, 412
1086, 601, 313, 551, 280, 171, 439, 463
1168, 667, 294, 570, 264, 183, 495, 453
1133, 733, 308, 679, 318, 186, 571, 473
1146, 723, 288, 657, 313, 167, 561, 463
1193, 718, 325, 782, 370, 165, 564, 592
1104, 691, 298, 791, 364, 182, 721, 686
1028, 642, 297, 807, 353, 182, 666, 702
1140, 632, 303, 724, 321, 197, 615, 701
1163, 642, 335, 766, 401, 200, 649, 758
1132, 710, 302, 628, 348, 211, 673, 740
1074, 712, 391, 725, 375, 207, 584, 812
1278, 727, 417, 774, 437, 216, 614, 828
1282, 664, 425, 767, 433, 211, 628, 817
1279, 721, 421, 741, 395, 210, 679, 811
1330, 634, 433, 789, 424, 197, 647, 821
1297, 628, 370, 698, 422, 218, 562, 721
1065, 633, 337, 585, 368, 214, 564, 772
1018, 677, 324, 625, 421, 214, 527, 798
1011, 655, 311, 572, 402, 235, 420, 810
967, 779, 264, 480, 379, 226, 384, 779
1001, 859, 247, 530, 415, 217, 378, 771
1048, 871, 244, 560, 508, 215, 307, 711
945, 936, 230, 550, 493, 210, 297, 695
881, 947, 251, 559, 491, 185, 300, 694
799, 895, 265, 559, 515, 193, 296, 636
890, 864, 272, 607, 487, 185, 306, 685
871, 941, 291, 622, 409, 200, 338, 856
873, 903, 371, 596, 431, 237, 366, 863
854, 891, 350, 695, 468, 246, 325, 1005
843, 920, 356, 703, 462, 242, 307, 1038
741, 925, 350, 645, 438, 245, 319, 1081
782, 935, 353, 657, 448, 239, 289, 960
753, 931, 282, 693, 420, 196, 262, 1076
803, 954, 278, 635, 378, 194, 270, 1019
835, 943, 279, 671, 385, 213, 284, 1003
795, 954, 259, 663, 389, 193, 244, 875
697, 808, 223, 647, 359, 173, 234, 843
695, 731, 185, 632, 351, 175, 224, 690
605, 657, 170, 583, 337, 152, 202, 571
536, 617, 135, 565, 321, 121, 176, 511
527, 599, 152, 588, 309, 124, 211, 547
530, 660, 153, 557, 304, 117, 217, 535
479, 694, 172, 524, 302, 136, 228, 534
482, 726, 191, 564, 418, 167, 221, 487
526, 712, 188, 544, 403, 166, 230, 545
562, 744, 222, 610, 543, 220, 226, 712
590, 805, 243, 670, 599, 243, 217, 788
644, 781, 227, 717, 628, 242, 209, 779
640, 746, 231, 789, 584, 227, 231, 770
604, 762, 247, 873, 608, 237, 238, 731
552, 680, 205, 840, 522, 188, 213, 545
553, 619, 179, 810, 490, 174, 214, 467
494, 638, 193, 848, 529, 195, 203, 464
526, 659, 185, 801, 559, 217, 158, 452
553, 685, 164, 737, 566, 212, 149, 455
547, 736, 170, 687, 575, 224, 141, 478
513, 771, 188, 715, 568, 217, 168, 594
479, 797, 204, 653, 496, 202, 189, 619
443, 840, 211, 691, 534, 190, 199, 608
425, 856, 224, 720, 507, 180, 194, 613
431, 819, 219, 758, 502, 173, 198, 584
436, 768, 198, 729, 483, 180, 205, 466
459, 756, 176, 714, 477, 166, 194, 407
406, 696, 152, 636, 376, 149, 186, 389
377, 677, 184, 663, 393, 178, 182, 448
418, 768, 224, 646, 451, 223, 195, 489
421, 755, 227, 629, 443, 208, 170, 646
424, 806, 236, 616, 444, 217, 170, 691
434, 793, 265, 676, 515, 250, 189, 702
456, 726, 267, 600, 567, 273, 217, 707
426, 633, 238, 602, 521, 229, 234, 828
443, 641, 244, 651, 572, 264, 229, 754
494, 560, 260, 755, 616, 292, 273, 854
496, 620, 252, 716, 564, 279, 269, 848
518, 636, 237, 769, 540, 269, 265, 801
668, 722, 244, 778, 510, 270, 267, 651
706, 783, 251, 744, 478, 265, 284, 703
694, 792, 230, 677, 483, 251, 239, 588
760, 781, 217, 739, 511, 236, 243, 622
723, 766, 225, 731, 468, 210, 245, 619
601, 657, 228, 728, 485, 215, 232, 613
635, 585, 216, 708, 462, 185, 235, 546
604, 538, 222, 678, 460, 200, 242, 549
566, 540, 216, 615, 470, 210, 245, 606
576, 609, 187, 574, 481, 215, 239, 642
552, 640, 164, 537, 496, 218, 231, 733
442, 610, 170, 521, 504, 225, 203, 716
460, 655, 180, 528, 503, 190, 191, 735
386, 603, 179, 496, 474, 181, 172, 692
397, 540, 181, 456, 466, 170, 143, 696
435, 582, 202, 484, 463, 174, 127, 654
447, 642, 204, 501, 510, 188, 211, 680
430, 644, 201, 571, 502, 185, 211, 613
493, 673, 199, 632, 502, 177, 209, 608
520, 651, 204, 649, 492, 174, 212, 651
514, 614, 196, 661, 452, 163, 227, 598
533, 574, 192, 707, 466, 145, 157, 541
580, 504, 183, 688, 431, 138, 153, 554
560, 476, 181, 663, 419, 133, 175, 599
527, 520, 175, 665, 412, 132, 187, 567
530, 525, 201, 663, 464, 165, 171, 654
502, 485, 213, 608, 435, 166, 187, 633
468, 576, 207, 634, 435, 177, 207, 638
429, 595, 205, 639, 420, 184, 194, 559
416, 593, 225, 688, 450, 186, 191, 500
364, 571, 218, 717, 408, 161, 193, 378
342, 578, 219, 736, 344, 144, 178, 361
337, 551, 247, 703, 395, 174, 188, 521
448, 569, 270, 748, 512, 214, 185, 668
488, 551, 296, 687, 531, 243, 199, 764
497, 541, 298, 765, 551, 244, 194, 761
557, 559, 284, 799, 586, 250, 208, 782
569, 592, 272, 765, 556, 236, 195, 767
526, 626, 270, 793, 515, 220, 194, 717
505, 608, 241, 825, 532, 199, 176, 614
558, 630, 219, 725, 528, 197, 175, 653
581, 685, 249, 729, 572, 214, 172, 676
584, 641, 265, 833, 627, 254, 186, 625
587, 632, 246, 756, 605, 243, 203, 574
573, 634, 224, 723, 558, 235, 200, 600
552, 610, 232, 736, 604, 274, 214, 572
541, 666, 202, 688, 541, 270, 203, 556
535, 681, 151, 542, 497, 242, 185, 519
526, 639, 189, 651, 547, 269, 181, 488
575, 664, 190, 677, 561, 272, 180, 461
560, 656, 184, 695, 498, 240, 221, 529
545, 632, 186, 771, 491, 230, 241, 594
617, 671, 193, 830, 489, 205, 231, 669
611, 665, 156, 745, 405, 175, 221, 788
560, 667, 165, 730, 382, 173, 221, 799
560, 727, 159, 700, 408, 184, 186, 816
560, 684, 159, 589, 428, 188, 171, 795
442, 597, 154, 534, 378, 207, 187, 698
405, 586, 160, 526, 365, 199, 182, 560
477, 592, 180, 572, 404, 231, 189, 579
481, 616, 179, 523, 349, 214, 166, 488
433, 571, 174, 584, 315, 211, 159, 397
474, 623, 173, 578, 311, 208, 163, 469
484, 653, 166, 529, 307, 226, 164, 468
434, 641, 130, 463, 283, 201, 158, 440
397, 593, 114, 458, 299, 216, 160, 410
431, 621, 126, 490, 375, 224, 177, 435
394, 590, 122, 530, 395, 208, 161, 448
448, 592, 126, 560, 413, 204, 158, 461
436, 566, 128, 538, 376, 196, 160, 463
478, 507, 141, 642, 434, 212, 174, 534
445, 454, 123, 567, 375, 202, 150, 560
449, 494, 125, 508, 350, 198, 158, 536
424, 488, 116, 518, 321, 175, 166, 549
464, 604, 114, 580, 369, 185, 169, 571
490, 613, 112, 565, 338, 167, 160, 585
511, 609, 131, 611, 340, 179, 166, 576
524, 582, 121, 602, 351, 198, 153, 552
543, 571, 124, 580, 361, 201, 164, 520
567, 506, 139, 556, 366, 217, 158, 501
534, 544, 141, 487, 371, 214, 162, 432
608, 628, 145, 465, 364, 210, 177, 403
618, 618, 147, 540, 355, 204, 176, 367
661, 692, 150, 548, 359, 208, 168, 387
643, 720, 142, 523, 341, 189, 184, 477
641, 724, 141, 635, 359, 187, 179, 466
603, 760, 132, 652, 374, 185, 166, 544
586, 818, 145, 656, 406, 189, 165, 567
525, 803, 145, 703, 424, 192, 161, 582
491, 843, 139, 715, 467, 218, 169, 667
509, 834, 142, 600, 433, 208, 172, 684
451, 763, 138, 593, 456, 206, 169, 616
425, 717, 171, 655, 534, 239, 176, 663
413, 678, 200, 796, 607, 264, 207, 705
398, 597, 219, 875, 606, 263, 199, 578
379, 614, 214, 917, 626, 269, 195, 559
386, 674, 222, 938, 637, 280, 197, 614
484, 650, 214, 926, 594, 245, 205, 548
579, 702, 290, 896, 606, 287, 204, 485
650, 765, 303, 906, 670, 315, 213, 438
704, 804, 352, 1057, 752, 358, 279, 453
738, 820, 371, 1046, 740, 356, 296, 397
706, 835, 362, 1022, 735, 360, 300, 410
771, 800, 295, 995, 686, 317, 281, 377
737, 743, 282, 933, 631, 286, 279, 380
709, 705, 230, 795, 532, 225, 285, 382
753, 653, 215, 809, 541, 240, 326, 394
799, 687, 251, 887, 558, 279, 334, 396
691, 697, 279, 884, 564, 282, 384, 419
677, 660, 295, 962, 523, 293, 439, 453
757, 645, 312, 975, 510, 323, 441, 437
739, 621, 315, 1014, 542, 316, 468, 504
730, 585, 328, 1037, 606, 313, 487, 519
729, 582, 318, 1039, 631, 330, 478, 510
810, 602, 293, 934, 615, 306, 424, 500
742, 566, 320, 911, 648, 349, 387, 499
708, 556, 306, 863, 630, 348, 351, 401
732, 517, 285, 868, 550, 331, 401, 439
811, 463, 274, 888, 541, 341, 411, 430
762, 413, 278, 947, 573, 346, 427, 405
781, 480, 287, 981, 570, 300, 428, 400
817, 508, 302, 1040, 578, 297, 416, 400
768, 565, 308, 964, 556, 296, 371, 311
651, 544, 299, 864, 501, 251, 395, 299
601, 560, 320, 833, 503, 270, 393, 270
517, 491, 294, 800, 482, 248, 426, 247
468, 451, 277, 703, 424, 244, 427, 249
405, 376, 244, 738, 457, 246, 436, 251
397, 462, 249, 743, 429, 244, 412, 284
412, 425, 234, 793, 413, 221, 424, 294
422, 420, 226, 733, 383, 254, 391, 298
373, 412, 257, 807, 443, 278, 378, 287
376, 411, 277, 714, 419, 289, 388, 293
549, 371, 276, 746, 469, 286, 419, 284
631, 449, 284, 798, 524, 291, 461, 309
659, 452, 263, 850, 546, 301, 478, 320
687, 502, 251, 794, 551, 280, 586, 453
740, 519, 248, 820, 557, 258, 591, 524
665, 512, 264, 876, 591, 283, 571, 536
630, 536, 260, 769, 534, 287, 565, 546
634, 577, 254, 709, 503, 245, 573, 543
625, 530, 243, 688, 465, 242, 464, 444
577, 523, 228, 651, 451, 279, 485, 386
565, 504, 216, 587, 381, 260, 466, 393
587, 439, 196, 604, 393, 257, 429, 400
645, 445, 198, 585, 407, 284, 445, 461
662, 480, 188, 614, 386, 282, 450, 487
694, 489, 200, 605, 374, 253, 457, 472
695, 496, 192, 633, 379, 252, 478, 440
650, 502, 215, 684, 410, 264, 495, 410
622, 478, 235, 719, 406, 245, 489, 364
588, 489, 284, 780, 459, 244, 526, 394
714, 487, 295, 870, 502, 237, 473, 410
702, 559, 313, 835, 515, 240, 458, 447
671, 523, 298, 775, 478, 202, 415, 474
711, 572, 293, 753, 480, 231, 416, 473
836, 609, 248, 687, 458, 234, 429, 498
754, 602, 233, 639, 432, 251, 431, 538
790, 616, 226, 654, 395, 284, 544, 598
871, 685, 287, 731, 428, 297, 589, 632
874, 674, 299, 723, 412, 259, 597, 656
843, 655, 337, 735, 377, 280, 616, 661
816, 664, 347, 692, 363, 255, 645, 637
795, 624, 363, 656, 417, 252, 554, 585
762, 673, 377, 569, 364, 238, 535, 558
723, 664, 363, 571, 395, 257, 511, 520
691, 698, 346, 597, 421, 275, 463, 446
758, 700, 372, 694, 476, 284, 543, 514
858, 694, 363, 786, 474, 248, 550, 495
834, 575, 339, 860, 497, 254, 534, 467
841, 542, 336, 873, 480, 274, 611, 527
811, 491, 321, 926, 507, 242, 620, 538
755, 541, 319, 969, 495, 264, 531, 452
688, 504, 338, 978, 479, 275, 525, 488
708, 517, 312, 970, 471, 287, 544, 491
676, 506, 326, 998, 503, 288, 524, 467
615, 504, 333, 950, 478, 293, 482, 436
620, 463, 318, 897, 443, 300, 501, 422
538, 441, 273, 777, 392, 283, 480, 360
479, 442, 247, 743, 376, 267, 446, 331
532, 472, 287, 814, 386, 231, 451, 410
566, 436, 303, 888, 402, 243, 484, 426
640, 444, 293, 847, 391, 212, 482, 456
647, 505, 355, 908, 410, 247, 593, 487
698, 538, 366, 863, 411, 248, 602, 495
662, 556, 329, 803, 404, 293, 560, 423
683, 535, 349, 737, 368, 281, 532, 483
635, 572, 356, 721, 370, 272, 520, 458
653, 579, 308, 663, 355, 253, 488, 442
644, 542, 309, 706, 342, 250, 496, 490
717, 520, 322, 648, 273, 180, 486, 483
724, 625, 273, 571, 274, 159, 547, 450
660, 566, 268, 604, 286, 164, 532, 449
651, 535, 268, 703, 347, 145, 445, 456
616, 548, 269, 715, 364, 148, 460, 398
473, 518, 245, 797, 419, 157, 492, 355
458, 375, 253, 802, 413, 160, 468, 343
501, 372, 227, 856, 417, 171, 467, 344
511, 416, 215, 810, 407, 183, 518, 315
608, 493, 252, 855, 463, 220, 548, 387
710, 538, 261, 857, 416, 251, 564, 432
702, 534, 274, 913, 427, 257, 602, 455
702, 527, 275, 913, 435, 260, 583, 458
679, 475, 272, 892, 411, 270, 545, 464
667, 396, 246, 930, 390, 272, 662, 468
660, 407, 244, 844, 390, 255, 625, 455
763, 407, 232, 791, 380, 256, 577, 442
753, 411, 249, 809, 379, 246, 663, 430
857, 463, 288, 911, 420, 248, 674, 481
833, 536, 338, 949, 414, 226, 529, 480
952, 687, 427, 1108, 497, 242, 630, 610
973, 714, 439, 1147, 522, 251, 646, 639
1013, 739, 426, 1091, 507, 275, 572, 657
963, 717, 416, 1045, 483, 261, 580, 636
981, 693, 377, 958, 484, 258, 634, 602
798, 518, 266, 799, 399, 242, 545, 474
757, 479, 231, 808, 393, 259, 552, 448
707, 441, 253, 816, 383, 236, 531, 435
666, 434, 233, 839, 401, 282, 531, 433
664, 408, 204, 768, 347, 280, 515, 471
718, 397, 210, 765, 358, 291, 537, 489
698, 384, 209, 748, 345, 263, 485, 449
726, 423, 203, 754, 373, 265, 536, 474
749, 420, 230, 765, 337, 213, 527, 478
778, 393, 251, 887, 439, 225, 469, 466
726, 387, 243, 871, 423, 191, 406, 417
685, 434, 258, 866, 419, 187, 413, 433
737, 417, 251, 911, 444, 193, 349, 397
803, 462, 218, 889, 449, 204, 379, 402
752, 450, 245, 891, 472, 215, 368, 366
760, 476, 248, 892, 469, 231, 409, 355
801, 482, 246, 931, 480, 250, 419, 376
786, 488, 268, 943, 479, 288, 438, 368
823, 501, 331, 1036, 509, 321, 443, 380
780, 569, 304, 967, 422, 329, 454, 384
793, 556, 310, 1049, 463, 338, 433, 408
776, 551, 306, 994, 443, 330, 454, 371
778, 579, 290, 920, 418, 299, 548, 457
706, 609, 230, 866, 374, 264, 608, 487
821, 616, 246, 885, 374, 245, 680, 507
846, 642, 226, 842, 356, 231, 691, 495
860, 662, 233, 817, 373, 283, 685, 530
870, 644, 243, 837, 366, 283, 628, 471
805, 586, 247, 798, 403, 289, 557, 405
783, 549, 226, 791, 403, 282, 478, 396
775, 508, 229, 744, 386, 286, 442, 402
694, 503, 218, 722, 363, 216, 414, 344
656, 507, 205, 725, 354, 217, 412, 363
645, 479, 195, 676, 317, 195, 416, 338
537, 450, 196, 617, 294, 181, 434, 314
496, 483, 191, 681, 316, 169, 429, 301
464, 452, 179, 703, 300, 166, 426, 290
341, 383, 158, 682, 285, 143, 417, 252
424, 371, 142, 625, 270, 144, 406, 270
415, 368, 140, 665, 264, 149, 350, 255
391, 297, 158, 657, 309, 162, 377, 254
444, 292, 166, 682, 320, 175, 434, 256
490, 375, 180, 744, 383, 207, 489, 291
459, 438, 202, 781, 399, 238, 488, 281
499, 460, 220, 863, 464, 241, 595, 325
523, 470, 221, 832, 430, 254, 627, 313
711, 534, 225, 932, 446, 269, 604, 376
715, 581, 231, 927, 446, 278, 557, 353
776, 569, 226, 955, 490, 279, 568, 389
777, 620, 205, 864, 449, 293, 453, 363
944, 739, 218, 839, 437, 277, 402, 469
817, 750, 212, 718, 435, 273, 502, 421
837, 694, 196, 616, 429, 247, 568, 426
837, 743, 242, 745, 420, 224, 570, 482
837, 700, 262, 761, 414, 209, 593, 489
678, 610, 249, 771, 423, 204, 585, 405
671, 558, 263, 860, 487, 199, 486, 441
627, 593, 289, 871, 449, 181, 410, 448
526, 499, 246, 737, 395, 190, 357, 348
490, 485, 231, 746, 388, 191, 354, 329
436, 477, 233, 747, 394, 190, 376, 309
413, 436, 222, 645, 289, 176, 387, 312
412, 369, 188, 714, 284, 177, 367, 271
381, 413, 205, 745, 332, 165, 392, 287
401, 416, 204, 768, 343, 158, 368, 294
422, 420, 235, 747, 317, 163, 343, 301
468, 437, 269, 747, 329, 189, 334, 288
475, 441, 276, 812, 419, 228, 315, 294
515, 427, 297, 769, 377, 226, 337, 304
527, 482, 324, 748, 354, 219, 421, 367
527, 500, 298, 827, 397, 229, 484, 419
477, 475, 290, 829, 430, 223, 528, 407
520, 489, 305, 764, 374, 184, 542, 406
595, 615, 287, 842, 388, 205, 558, 404
632, 606, 271, 839, 419, 204, 503, 336
645, 568, 293, 769, 383, 201, 435, 266
634, 583, 268, 746, 340, 190, 402, 264
591, 574, 241, 665, 299, 192, 389, 273
507, 418, 230, 625, 307, 176, 437, 293
569, 347, 213, 630, 291, 187, 441, 329
581, 427, 232, 660, 301, 167, 478, 361
599, 453, 244, 678, 345, 206, 491, 378
613, 445, 260, 696, 353, 207, 495, 368
600, 431, 267, 665, 351, 197, 460, 332
520, 434, 281, 776, 431, 223, 455, 324
491, 377, 250, 735, 417, 239, 441, 280
594, 440, 255, 759, 438, 211, 426, 241
596, 511, 258, 767, 447, 211, 426, 261
608, 519, 263, 782, 438, 211, 361, 280
634, 529, 258, 668, 382, 177, 378, 273
647, 554, 253, 678, 382, 158, 344, 318
556, 462, 258, 674, 323, 180, 313, 311
556, 407, 260, 703, 309, 206, 486, 303
568, 423, 261, 627, 302, 219, 559, 302
536, 443, 258, 597, 242, 216, 557, 302
519, 369, 246, 611, 251, 226, 559, 285
535, 392, 252, 572, 262, 207, 584, 292
523, 391, 280, 585, 281, 205, 520, 382
514, 371, 273, 628, 296, 201, 467, 377
525, 358, 297, 721, 321, 232, 552, 401
499, 380, 318, 729, 353, 229, 599, 401
621, 433, 319, 721, 331, 225, 604, 450
766, 484, 333, 691, 311, 205, 625, 482
781, 572, 339, 640, 294, 215, 616, 478
780, 624, 323, 545, 287, 187, 520, 459
783, 624, 314, 578, 266, 184, 489, 462
674, 591, 296, 600, 283, 200, 464, 411
521, 536, 234, 620, 301, 207, 438, 322
537, 477, 232, 656, 328, 194, 424, 316
583, 415, 245, 668, 317, 210, 468, 330
644, 436, 275, 687, 314, 234, 490, 308
726, 467, 316, 684, 320, 237, 478, 319
840, 542, 330, 645, 316, 256, 491, 459
915, 554, 374, 650, 353, 274, 517, 510
896, 562, 401, 649, 346, 262, 477, 498
904, 543, 538, 598, 358, 244, 477, 529
942, 526, 547, 558, 370, 240, 529, 578
856, 481, 583, 567, 408, 235, 481, 452
757, 477, 563, 524, 371, 273, 562, 420
786, 479, 599, 598, 448, 307, 656, 535
718, 505, 496, 612, 438, 308, 627, 498
598, 498, 472, 659, 413, 324, 600, 447
576, 468, 418, 663, 369, 311, 577, 451
593, 454, 455, 680, 369, 278, 487, 446
571, 439, 409, 634, 304, 266, 421, 322
583, 424, 410, 666, 315, 263, 413, 329
578, 417, 428, 640, 319, 239, 421, 323
549, 457, 494, 692, 334, 232, 401, 334
576, 438, 442, 738, 327, 222, 441, 335
581, 473, 407, 720, 323, 185, 368, 317
600, 508, 391, 666, 288, 177, 407, 313
639, 531, 354, 649, 286, 161, 379, 335
643, 496, 256, 606, 279, 157, 384, 308
570, 492, 257, 515, 255, 129, 313, 282
519, 500, 262, 623, 261, 127, 363, 318
552, 436, 279, 664, 283, 158, 321, 335
476, 420, 293, 678, 284, 157, 313, 286
487, 432, 291, 653, 276, 156, 330, 313
575, 471, 318, 725, 353, 204, 331, 333
570, 421, 362, 602, 366, 227, 294, 287
529, 433, 387, 696, 403, 216, 313, 294
616, 448, 397, 737, 410, 217, 319, 300
629, 456, 405, 814, 430, 229, 305, 284
593, 414, 386, 809, 376, 201, 334, 327
635, 536, 356, 838, 366, 199, 343, 341
749, 595, 300, 762, 316, 187, 377, 366
710, 639, 350, 756, 340, 190, 415, 377
719, 623, 369, 659, 307, 204, 449, 368
803, 640, 379, 612, 326, 249, 544, 367
753, 568, 401, 674, 363, 258, 547, 352
652, 546, 398, 623, 367, 269, 522, 322
646, 460, 358, 575, 324, 268, 539, 343
627, 463, 345, 577, 332, 263, 546, 399
575, 438, 367, 602, 308, 213, 441, 389
556, 423, 381, 523, 252, 195, 425, 380
510, 406, 390, 533, 255, 188, 495, 370
573, 411, 382, 580, 286, 203, 485, 364
601, 437, 367, 574, 257, 194, 476, 312
507, 438, 380, 551, 277, 215, 478, 290
547, 407, 314, 555, 265, 226, 493, 297
588, 392, 298, 552, 274, 242, 445, 301
535, 438, 301, 512, 263, 252, 400, 266
481, 410, 308, 527, 270, 262, 361, 261
545, 394, 298, 543, 275, 250, 391, 300
531, 391, 298, 496, 271, 236, 382, 326
513, 396, 326, 480, 244, 215, 337, 311
466, 353, 309, 470, 250, 198, 328, 315
486, 354, 307, 484, 256, 178, 378, 374
406, 362, 317, 522, 294, 166, 335, 315
397, 359, 328, 514, 288, 149, 322, 291
453, 408, 301, 580, 319, 172, 355, 302
457, 418, 293, 573, 306, 163, 362, 307
449, 420, 337, 593, 309, 150, 371, 224
483, 438, 363, 590, 295, 162, 352, 254
513, 469, 386, 599, 289, 178, 351, 269
548, 529, 382, 589, 288, 167, 422, 304
596, 542, 421, 688, 321, 184, 459, 338
795, 600, 390, 663, 329, 197, 464, 441
817, 595, 350, 654, 310, 221, 521, 456
860, 602, 339, 688, 348, 217, 611, 513
846, 524, 364, 698, 319, 205, 556, 493
875, 495, 347, 689, 334, 220, 545, 492
740, 467, 334, 703, 351, 264, 542, 425
717, 499, 305, 674, 335, 251, 498, 455
664, 506, 318, 637, 288, 251, 415, 417
618, 506, 287, 594, 293, 254, 403, 430
546, 527, 261, 477, 238, 227, 395, 435
510, 515, 316, 476, 250, 171, 398, 417
495, 522, 358, 503, 247, 150, 429, 352
445, 528, 340, 538, 283, 139, 408, 319
447, 492, 346, 527, 282, 143, 454, 305
458, 499, 376, 578, 306, 137, 438, 258
445, 461, 357, 601, 265, 137, 445, 303
436, 416, 315, 590, 302, 152, 438, 301
480, 357, 313, 630, 301, 166, 441, 290
489, 424, 312, 671, 311, 170, 400, 299
571, 419, 280, 677, 298, 176, 401, 312
566, 481, 254, 625, 291, 174, 335, 266
584, 510, 256, 632, 265, 173, 329, 286
558, 511, 263, 589, 228, 158, 336, 281
516, 446, 256, 544, 214, 142, 340, 250
410, 407, 255, 500, 191, 134, 351, 239
435, 335, 246, 546, 203, 132, 410, 341
451, 349, 242, 517, 207, 159, 416, 314
461, 406, 228, 518, 256, 222, 449, 332
483, 466, 264, 502, 286, 234, 439, 336
567, 506, 257, 628, 340, 236, 442, 345
572, 513, 317, 611, 334, 236, 416, 337
541, 509, 353, 691, 343, 215, 406, 353
552, 468, 354, 662, 327, 168, 397, 347
540, 458, 327, 663, 308, 159, 429, 370
444, 471, 332, 581, 298, 162, 417, 354
393, 460, 277, 551, 295, 150, 384, 256
420, 420, 227, 428, 265, 134, 369, 270
510, 423, 209, 399, 252, 110, 339, 287
521, 400, 201, 385, 233, 105, 311, 264
533, 337, 183, 281, 166, 97, 295, 272
583, 348, 198, 373, 171, 100, 289, 304
584, 386, 208, 403, 180, 115, 309, 301
486, 369, 204, 462, 174, 126, 278, 279
470, 346, 198, 479, 185, 122, 276, 274
463, 403, 236, 599, 236, 159, 312, 286
435, 441, 266, 602, 239, 160, 370, 289
432, 428, 281, 625, 261, 152, 335, 319
489, 463, 301, 632, 305, 148, 360, 347
542, 471, 322, 644, 319, 161, 343, 361
528, 429, 296, 600, 309, 138, 311, 344
542, 447, 259, 596, 302, 139, 232, 327
542, 445, 227, 548, 287, 150, 309, 364
481, 395, 195, 492, 229, 145, 272, 329
461, 411, 150, 448, 199, 146, 276, 315
462, 419, 141, 416, 140, 148, 298, 322
433, 342, 138, 353, 179, 144, 337, 333
405, 319, 124, 419, 180, 137, 297, 259
460, 350, 145, 512, 222, 152, 356, 299
464, 373, 144, 560, 238, 147, 395, 323
564, 368, 166, 590, 303, 141, 389, 398
553, 364, 178, 680, 295, 155, 387, 391
574, 359, 192, 652, 334, 200, 403, 381
549, 329, 187, 725, 381, 212, 369, 381
548, 312, 213, 850, 469, 233, 332, 359
443, 333, 212, 839, 453, 248, 330, 279
468, 365, 196, 823, 464, 252, 367, 332
431, 364, 203, 926, 479, 217, 334, 327
449, 448, 228, 876, 451, 209, 355, 300
479, 497, 220, 810, 387, 205, 379, 321
511, 500, 225, 799, 397, 186, 384, 323
549, 506, 235, 809, 378, 169, 327, 318
578, 533, 223, 683, 324, 172, 322, 331
579, 550, 227, 682, 334, 171, 319, 356
605, 587, 223, 680, 390, 170, 340, 359
631, 672, 245, 724, 376, 194, 367, 359
630, 701, 234, 666, 387, 204, 368, 320
643, 679, 233, 690, 406, 201, 429, 382
658, 617, 200, 710, 379, 190, 432, 390
699, 576, 219, 640, 303, 171, 405, 400
686, 468, 188, 551, 283, 141, 380, 401
646, 417, 197, 518, 277, 153, 397, 408
701, 471, 206, 650, 302, 167, 362, 355
692, 476, 207, 682, 324, 181, 323, 336
600, 475, 185, 679, 315, 181, 336, 327
552, 478, 175, 729, 387, 213, 357, 321
586, 495, 170, 757, 391, 207, 340, 337
479, 445, 166, 705, 463, 224, 328, 348
446, 531, 175, 661, 482, 214, 344, 326
443, 468, 209, 776, 566, 230, 325, 295
454, 471, 199, 782, 536, 203, 327, 297
387, 429, 203, 818, 559, 219, 338, 252
461, 445, 206, 811, 512, 218, 343, 235
449, 366, 208, 784, 482, 219, 354, 241
420, 424, 173, 705, 422, 218, 382, 262
510, 424, 192, 692, 446, 227, 362, 274
556, 457, 195, 805, 460, 227, 348, 281
495, 468, 187, 753, 419, 201, 343, 274
504, 462, 181, 791, 440, 217, 333, 330
543, 434, 179, 810, 398, 199, 299, 366
483, 433, 162, 783, 360, 192, 285, 369
446, 397, 166, 688, 341, 171, 273, 372
428, 360, 166, 715, 355, 190, 249, 357
473, 402, 179, 685, 334, 179, 222, 307
438, 385, 179, 628, 324, 180, 206, 250
406, 344, 179, 650, 333, 184, 221, 228
388, 353, 162, 648, 317, 182, 230, 211
427, 357, 186, 703, 334, 161, 248, 280
416, 285, 180, 740, 322, 176, 253, 293
457, 309, 177, 748, 329, 182, 276, 306
452, 326, 190, 753, 331, 174, 293, 346
488, 319, 206, 838, 386, 210, 297, 409
482, 334, 177, 790, 351, 230, 307, 374
431, 364, 163, 728, 359, 213, 317, 364
372, 329, 165, 702, 383, 205, 307, 374
370, 306, 162, 743, 369, 197, 302, 345
328, 324, 155, 675, 327, 159, 308, 278
308, 314, 153, 637, 324, 133, 281, 293
340, 270, 145, 642, 330, 139, 282, 295
335, 280, 148, 655, 316, 150, 271, 271
348, 319, 174, 646, 320, 161, 276, 272
347, 294, 163, 512, 252, 169, 290, 263
363, 300, 175, 631, 259, 160, 291, 234
359, 352, 192, 706, 296, 147, 314, 223
362, 341, 186, 719, 294, 135, 331, 248
384, 327, 180, 696, 307, 135, 311, 282
430, 361, 188, 784, 343, 120, 334, 323
432, 382, 177, 741, 338, 123, 350, 357
428, 409, 189, 669, 298, 132, 340, 368
457, 437, 211, 742, 301, 145, 344, 354
485, 465, 189, 789, 288, 139, 345, 341
534, 482, 200, 761, 284, 140, 336, 334
516, 466, 206, 720, 277, 142, 348, 300
532, 433, 199, 766, 290, 166, 341, 311
546, 419, 175, 708, 273, 153, 324, 302
492, 376, 171, 661, 266, 150, 331, 263
371, 325, 150, 596, 266, 156, 292, 216
402, 294, 143, 591, 263, 158, 261, 207
371, 256, 107, 519, 243, 127, 264, 186
314, 295, 114, 525, 250, 134, 267, 227
335, 340, 118, 551, 242, 142, 278, 231
354, 388, 145, 599, 216, 126, 303, 252
387, 409, 168, 615, 263, 148, 328, 270
418, 427, 179, 675, 252, 155, 328, 320
431, 430, 171, 658, 232, 151, 328, 332
468, 439, 180, 591, 265, 152, 307, 358
473, 420, 212, 607, 257, 169, 299, 388
404, 408, 213, 587, 219, 150, 282, 392
379, 373, 217, 506, 217, 145, 254, 338
379, 343, 227, 478, 230, 141, 229, 304
318, 303, 229, 494, 201, 146, 217, 277
314, 264, 201, 451, 217, 134, 229, 237
363, 253, 205, 452, 208, 123, 218, 213
368, 281, 203, 448, 221, 128, 224, 209
341, 271, 223, 488, 227, 140, 240, 194
341, 253, 226, 592, 248, 127, 240, 231
397, 285, 213, 619, 252, 140, 192, 245
418, 293, 198, 679, 306, 145, 177, 283
419, 328, 223, 726, 311, 141, 205, 301
470, 343, 203, 736, 332, 128, 235, 314
521, 416, 207, 675, 317, 133, 245, 299
479, 432, 209, 656, 330, 136, 240, 271
426, 435, 205, 603, 289, 135, 234, 238
403, 400, 175, 614, 324, 157, 232, 216
374, 380, 166, 582, 314, 170, 212, 231
307, 293, 151, 561, 305, 173, 225, 233
322, 248, 139, 530, 299, 164, 260, 265
363, 294, 170, 548, 300, 192, 299, 299
391, 348, 165, 611, 306, 183, 284, 313
412, 425, 184, 722, 350, 191, 276, 326
438, 458, 200, 773, 410, 194, 310, 379
437, 529, 248, 884, 433, 206, 313, 376
426, 533, 235, 871, 428, 187, 298, 359
423, 510, 239, 775, 390, 176, 310, 373
444, 498, 239, 736, 443, 187, 325, 418
451, 499, 222, 668, 395, 184, 282, 420
465, 480, 187, 568, 346, 183, 272, 408
483, 475, 213, 630, 364, 198, 263, 427
531, 505, 248, 678, 380, 216, 254, 430
492, 471, 232, 587, 254, 194, 248, 373
515, 538, 248, 669, 249, 200, 243, 308
522, 501, 236, 619, 296, 219, 251, 304
503, 535, 216, 629, 283, 203, 290, 279
582, 559, 217, 665, 270, 197, 307, 259
579, 634, 233, 695, 275, 199, 331, 234
613, 581, 216, 626, 303, 187, 398, 304
634, 579, 219, 624, 261, 141, 388, 314
634, 542, 206, 547, 252, 145, 387, 316
585, 502, 183, 419, 261, 136, 390, 357
601, 422, 164, 441, 254, 165, 370, 398
513, 404, 168, 418, 224, 173, 329, 364
487, 433, 178, 510, 233, 173, 337, 365
553, 476, 180, 583, 258, 163, 338, 388
590, 486, 164, 584, 240, 162, 321, 348
590, 484, 178, 596, 249, 126, 319, 353
602, 513, 179, 638, 265, 144, 292, 347
607, 501, 158, 579, 278, 166, 311, 364
572, 473, 168, 551, 254, 175, 366, 325
470, 504, 172, 592, 281, 173, 387, 351
494, 496, 167, 545, 270, 172, 395, 357
566, 488, 164, 549, 240, 152, 414, 363
570, 541, 187, 542, 240, 147, 412, 367
552, 532, 197, 512, 271, 196, 336, 372
559, 525, 215, 496, 260, 228, 312, 348
542, 510, 224, 552, 268, 240, 298, 327
504, 489, 225, 568, 275, 240, 292, 335
490, 461, 223, 587, 252, 234, 321, 314
529, 518, 223, 574, 265, 240, 343, 302
507, 473, 199, 592, 287, 234, 349, 292
496, 513, 183, 564, 281, 274, 406, 356
482, 562, 223, 638, 305, 287, 394, 407
493, 571, 233, 671, 318, 296, 354, 409
448, 525, 243, 754, 311, 259, 331, 415
546, 654, 258, 769, 272, 236, 324, 418
569, 646, 302, 791, 289, 194, 261, 364
563, 625, 275, 689, 275, 183, 276, 300
586, 662, 278, 628, 275, 162, 292, 288
576, 673, 262, 575, 258, 167, 290, 298
606, 574, 253, 689, 304, 163, 311, 350
585, 551, 196, 668, 290, 149, 391, 334
592, 521, 187, 705, 286, 130, 411, 385
611, 442, 238, 744, 279, 137, 411, 417
676, 484, 268, 716, 302, 137, 435, 438
606, 467, 302, 600, 285, 144, 438, 414
684, 541, 314, 669, 303, 169, 409, 452
696, 615, 343, 694, 369, 214, 375, 422
649, 598, 337, 680, 372, 216, 372, 420
595, 594, 389, 776, 440, 227, 375, 446
640, 605, 385, 765, 426, 246, 377, 449
637, 617, 405, 761, 414, 225, 367, 445
639, 549, 408, 761, 424, 213, 414, 473
647, 554, 402, 734, 426, 212, 417, 463
685, 512, 355, 658, 339, 199, 433, 428
634, 512, 349, 659, 355, 174, 436, 433
554, 427, 351, 566, 368, 171, 440, 483
511, 412, 328, 509, 302, 144, 440, 444
511, 430, 317, 536, 307, 141, 456, 443
534, 552, 295, 505, 306, 144, 470, 516
576, 585, 279, 601, 314, 150, 478, 541
590, 646, 278, 606, 332, 151, 471, 515
629, 710, 276, 556, 301, 145, 435, 539
614, 731, 264, 621, 305, 152, 414, 539
537, 619, 283, 663, 335, 150, 362, 470
482, 617, 276, 556, 325, 141, 316, 431
464, 585, 248, 595, 285, 142, 273, 370
436, 503, 253, 674, 331, 148, 388, 420
468, 475, 278, 605, 336, 173, 397, 448
510, 577, 293, 704, 342, 171, 449, 479
550, 584, 304, 800, 368, 196, 529, 487
543, 562, 320, 786, 382, 201, 519, 487
540, 598, 344, 732, 351, 190, 443, 410
501, 569, 357, 768, 377, 171, 459, 389
546, 540, 340, 726, 389, 191, 411, 367
532, 484, 391, 675, 370, 177, 319, 362
560, 482, 380, 682, 384, 172, 331, 347
634, 513, 358, 764, 389, 183, 343, 445
648, 594, 371, 726, 342, 180, 342, 451
667, 562, 372, 650, 296, 170, 344, 483
622, 574, 311, 625, 314, 173, 411, 508
578, 563, 313, 653, 293, 171, 440, 556
581, 564, 323, 602, 293, 172, 449, 500
575, 535, 308, 623, 303, 191, 428, 478
478, 527, 290, 648, 325, 180, 491, 450
555, 541, 297, 599, 280, 179, 460, 433
564, 557, 328, 607, 288, 194, 446, 381
511, 531, 331, 638, 276, 190, 412, 374
575, 534, 298, 730, 292, 201, 401, 392
568, 525, 319, 747, 319, 207, 312, 371
503, 563, 305, 826, 338, 197, 273, 356
546, 608, 263, 852, 358, 210, 237, 367
490, 625, 241, 811, 363, 217, 255, 357
529, 634, 274, 778, 371, 205, 290, 382
619, 644, 251, 842, 350, 222, 364, 393
623, 581, 253, 817, 350, 247, 391, 392
597, 512, 273, 729, 308, 224, 420, 381
613, 460, 283, 821, 373, 229, 421, 373
524, 392, 235, 828, 377, 212, 406, 315
433, 394, 230, 780, 344, 199, 367, 271
452, 409, 264, 893, 417, 196, 359, 264
459, 403, 262, 905, 437, 203, 334, 292
459, 404, 266, 826, 383, 191, 341, 313
513, 422, 261, 786, 386, 206, 348, 343
644, 397, 258, 716, 387, 208, 403, 457
808, 490, 246, 560, 313, 193, 451, 542
839, 526, 231, 702, 351, 201, 489, 534
862, 586, 233, 769, 393, 216, 528, 524
969, 592, 275, 874, 464, 224, 582, 653
913, 620, 290, 946, 481, 230, 544, 643
811, 598, 309, 930, 470, 227, 560, 600
864, 696, 301, 866, 420, 214, 564, 633
866, 646, 304, 856, 418, 215, 538, 637
756, 647, 301, 792, 354, 234, 549, 542
750, 627, 298, 708, 332, 221, 622, 491
739, 658, 268, 806, 391, 218, 592, 478
673, 552, 280, 764, 400, 228, 580, 442
621, 596, 257, 692, 363, 245, 624, 467
614, 587, 215, 602, 329, 219, 602, 418
677, 586, 198, 574, 316, 213, 529, 411
676, 506, 180, 391, 229, 208, 508, 393
703, 473, 165, 475, 304, 214, 546, 390
709, 407, 154, 555, 316, 176, 516, 361
742, 388, 166, 616, 306, 147, 463, 393
723, 381, 179, 743, 360, 166, 473, 408
690, 420, 173, 754, 379, 187, 518, 409
607, 423, 168, 711, 331, 174, 492, 415
619, 419, 170, 710, 346, 194, 460, 408
574, 411, 165, 767, 349, 216, 463, 401
590, 436, 167, 764, 336, 214, 524, 519
619, 384, 183, 808, 346, 219, 506, 513
634, 464, 170, 791, 328, 227, 499, 510
648, 478, 171, 727, 305, 226, 546, 515
670, 468, 164, 622, 301, 214, 605, 500
627, 461, 139, 547, 285, 234, 541, 402
595, 478, 123, 504, 313, 216, 510, 394
636, 439, 142, 649, 355, 242, 474, 389
687, 499, 186, 745, 427, 251, 453, 414
783, 543, 184, 748, 426, 264, 428, 500
769, 536, 195, 858, 468, 272, 456, 482
884, 537, 209, 921, 447, 271, 466, 532
886, 535, 209, 851, 435, 238, 488, 541
912, 570, 237, 916, 460, 246, 512, 531
774, 573, 260, 907, 487, 279, 532, 473
775, 578, 257, 776, 448, 250, 498, 446
728, 599, 255, 658, 429, 269, 519, 485
692, 676, 252, 644, 418, 285, 561, 468
581, 592, 214, 626, 339, 260, 559, 442
663, 565, 193, 652, 294, 208, 506, 429
644, 542, 184, 674, 263, 205, 568, 447
523, 488, 172, 723, 273, 208, 566, 358
530, 339, 172, 779, 298, 204, 585, 375
564, 344, 161, 670, 282, 214, 551, 385
539, 335, 168, 706, 324, 226, 629, 384
575, 422, 178, 709, 343, 246, 597, 372
707, 418, 179, 675, 338, 218, 575, 401
719, 417, 202, 597, 307, 208, 500, 390
727, 420, 188, 528, 272, 213, 523, 390
677, 406, 167, 407, 207, 194, 422, 356
644, 313, 162, 411, 203, 170, 421, 358
506, 327, 162, 428, 253, 190, 436, 321
480, 329, 122, 416, 261, 201, 524, 313
440, 348, 139, 467, 272, 224, 537, 306
536, 408, 148, 573, 287, 225, 578, 352
552, 439, 165, 647, 315, 229, 595, 339
585, 467, 179, 726, 342, 223, 642, 326
655, 531, 198, 749, 341, 200, 641, 374
695, 526, 197, 773, 374, 163, 610, 400
660, 507, 219, 825, 413, 174, 613, 399
703, 521, 204, 742, 387, 182, 569, 397
682, 495, 200, 636, 329, 179, 511, 398
592, 429, 189, 596, 317, 185, 427, 335
561, 426, 180, 538, 280, 190, 428, 297
580, 474, 154, 418, 214, 190, 418, 294
507, 431, 153, 417, 219, 179, 436, 280
529, 455, 161, 572, 349, 178, 577, 319
543, 457, 157, 623, 357, 178, 588, 356
533, 451, 153, 648, 353, 170, 592, 375
480, 364, 153, 601, 357, 172, 566, 334
527, 409, 156, 610, 363, 164, 582, 381
600, 375, 151, 503, 257, 174, 521, 446
644, 355, 147, 510, 272, 174, 500, 443
616, 350, 151, 558, 278, 164, 485, 429
622, 382, 149, 593, 297, 147, 508, 455
591, 318, 139, 577, 283, 151, 574, 453
470, 305, 119, 603, 301, 157, 487, 356
446, 323, 158, 694, 374, 164, 539, 351
454, 300, 163, 641, 368, 166, 564, 351
462, 324, 183, 605, 362, 231, 563, 340
426, 335, 189, 614, 363, 246, 455, 297
446, 368, 205, 642, 375, 250, 525, 373
544, 423, 174, 565, 305, 253, 521, 420
575, 461, 181, 598, 310, 260, 528, 480
567, 426, 161, 655, 294, 204, 521, 480
597, 489, 189, 693, 319, 197, 562, 495
616, 532, 167, 628, 278, 171, 500, 443
511, 490, 170, 556, 257, 169, 479, 393
522, 482, 156, 532, 254, 153, 431, 332
555, 526, 158, 508, 249, 158, 372, 337
564, 492, 119, 505, 255, 140, 349, 332
533, 428, 125, 498, 246, 137, 345, 327
564, 418, 119, 514, 255, 115, 332, 331
596, 444, 157, 593, 301, 144, 381, 367
615, 431, 145, 545, 302, 142, 378, 367
616, 447, 164, 486, 265, 144, 385, 340
631, 471, 177, 564, 293, 164, 395, 348
614, 506, 185, 557, 317, 168, 369, 345
619, 481, 170, 582, 281, 144, 321, 287
540, 455, 183, 606, 361, 168, 420, 266
546, 462, 179, 634, 393, 196, 373, 279
550, 454, 188, 634, 378, 180, 348, 258
553, 438, 196, 710, 368, 207, 439, 260
495, 445, 188, 623, 379, 222, 461, 279
501, 461, 185, 626, 302, 210, 399, 283
534, 443, 186, 624, 266, 189, 412, 282
576, 431, 164, 630, 295, 210, 434, 322
575, 433, 170, 611, 315, 181, 438, 342
608, 437, 165, 583, 293, 180, 428, 354
625, 456, 156, 609, 318, 178, 478, 380
744, 499, 179, 617, 310, 176, 487, 386
742, 548, 187, 590, 290, 162, 525, 365
733, 549, 173, 576, 244, 172, 495, 386
709, 573, 197, 592, 267, 170, 494, 366
702, 537, 198, 567, 267, 173, 439, 334
521, 491, 201, 549, 283, 192, 509, 389
493, 503, 207, 509, 297, 194, 486, 399
498, 512, 225, 416, 289, 189, 449, 356
519, 464, 213, 446, 280, 184, 590, 441
524, 462, 218, 471, 270, 173, 587, 431
546, 465, 193, 436, 255, 146, 528, 385
530, 426, 188, 433, 235, 142, 518, 396
532, 396, 200, 474, 257, 139, 537, 394
512, 462, 199, 474, 259, 165, 376, 301
546, 476, 204, 462, 247, 170, 368, 317
577, 505, 202, 597, 263, 172, 401, 368
593, 502, 209, 642, 262, 167, 376, 358
625, 559, 204, 657, 272, 181, 458, 380
664, 540, 206, 640, 250, 165, 495, 399
642, 562, 231, 687, 248, 184, 535, 404
636, 566, 244, 670, 298, 181, 492, 373
636, 602, 235, 691, 301, 200, 553, 358
635, 559, 213, 685, 280, 209, 498, 337
602, 569, 215, 704, 324, 200, 459, 306
664, 587, 254, 663, 314, 187, 417, 359
664, 601, 249, 591, 243, 204, 452, 377
643, 550, 240, 552, 259, 193, 453, 384
596, 544, 237, 580, 268, 168, 417, 383
633, 520, 240, 557, 248, 168, 406, 408
557, 500, 176, 544, 260, 175, 421, 362
509, 445, 172, 631, 329, 178, 434, 346
535, 438, 188, 643, 314, 189, 367, 344
580, 444, 216, 637, 299, 205, 366, 350
521, 447, 211, 683, 284, 200, 373, 322
500, 420, 210, 680, 299, 188, 354, 321
576, 537, 250, 641, 260, 171, 298, 317
606, 626, 248, 624, 255, 154, 277, 358
621, 674, 239, 630, 278, 139, 319, 343
678, 681, 254, 584, 276, 204, 457, 416
701, 729, 275, 568, 251, 212, 481, 460
650, 655, 252, 649, 293, 216, 487, 465
628, 588, 252, 863, 460, 238, 502, 440
609, 548, 246, 921, 498, 232, 489, 454
559, 604, 294, 1011, 540, 204, 396, 401
632, 611, 274, 1036, 588, 203, 458, 373
640, 595, 288, 1021, 583, 205, 465, 357
731, 634, 296, 847, 486, 188, 514, 403
742, 654, 322, 788, 457, 203, 527, 425
746, 582, 317, 716, 416, 178, 497, 419
682, 593, 378, 745, 364, 177, 467, 399
779, 648, 374, 692, 324, 187, 571, 409
745, 610, 372, 709, 314, 184, 550, 359
719, 582, 356, 721, 325, 191, 538, 333
720, 589, 339, 693, 315, 192, 600, 356
732, 577, 301, 673, 325, 201, 625, 365
641, 517, 290, 709, 327, 203, 558, 362
538, 549, 294, 671, 311, 196, 533, 358
514, 558, 291, 697, 339, 181, 522, 349
491, 554, 257, 690, 331, 176, 500, 327
503, 476, 224, 708, 309, 167, 454, 337
457, 516, 229, 687, 366, 168, 408, 325
500, 456, 215, 725, 368, 159, 392, 319
565, 491, 251, 679, 331, 145, 480, 365
595, 522, 266, 670, 324, 143, 427, 361
560, 549, 265, 633, 317, 128, 383, 330
569, 573, 250, 585, 247, 90, 474, 341
536, 602, 256, 587, 246, 130, 551, 342
530, 538, 204, 569, 258, 138, 473, 275
464, 520, 262, 617, 291, 147, 502, 266
471, 553, 280, 618, 321, 160, 595, 278
517, 520, 336, 657, 332, 160, 535, 237
643, 519, 334, 617, 328, 135, 480, 258
614, 536, 343, 675, 322, 142, 504, 286
665, 566, 285, 643, 325, 187, 523, 307
737, 582, 282, 682, 353, 193, 412, 361
754, 660, 279, 734, 417, 248, 412, 392
691, 732, 302, 888, 517, 263, 391, 387
704, 767, 303, 891, 531, 268, 393, 385
743, 742, 308, 885, 535, 278, 370, 390
672, 718, 293, 943, 553, 289, 415, 365
631, 644, 244, 895, 509, 253, 426, 382
622, 630, 282, 758, 418, 277, 459, 411
686, 698, 306, 705, 387, 280, 451, 424
675, 848, 370, 783, 395, 244, 437, 422
761, 913, 383, 715, 407, 243, 500, 431
818, 946, 384, 667, 386, 248, 489, 405
818, 900, 338, 794, 394, 216, 495, 362
789, 834, 309, 820, 446, 224, 552, 392
842, 688, 244, 766, 457, 228, 573, 396
870, 605, 247, 763, 392, 213, 522, 393
859, 530, 266, 886, 439, 199, 520, 400
865, 621, 280, 779, 429, 203, 550, 433
874, 611, 294, 841, 412, 194, 466, 379
814, 603, 314, 917, 403, 217, 456, 379
747, 595, 291, 944, 431, 233, 457, 340
714, 595, 266, 867, 414, 239, 444, 317
673, 500, 286, 942, 457, 235, 377, 282
586, 490, 272, 891, 420, 219, 408, 297
601, 585, 245, 844, 423, 246, 510, 280
538, 563, 244, 789, 385, 233, 473, 285
527, 555, 263, 762, 357, 230, 470, 293
552, 532, 242, 658, 298, 237, 457, 289
566, 506, 253, 654, 295, 238, 422, 266
485, 407, 276, 664, 320, 230, 247, 286
497, 399, 272, 643, 323, 222, 274, 301
420, 405, 253, 704, 333, 230, 267, 279
388, 386, 233, 696, 318, 217, 267, 270
403, 470, 221, 702, 332, 220, 409, 311
453, 459, 183, 708, 289, 165, 415, 278
449, 471, 186, 768, 296, 168, 427, 245
474, 467, 173, 713, 282, 147, 452, 261
541, 502, 182, 741, 340, 171, 482, 270
538, 431, 177, 703, 332, 164, 412, 212
501, 430, 200, 658, 310, 167, 404, 209
463, 396, 211, 597, 344, 159, 382, 218
445, 373, 222, 620, 362, 162, 361, 195
410, 340, 213, 581, 341, 121, 317, 200
442, 414, 223, 641, 334, 165, 270, 212
415, 432, 217, 622, 328, 160, 282, 260
435, 500, 217, 615, 299, 155, 291, 263
447, 503, 230, 661, 303, 153, 280, 273
496, 568, 233, 662, 293, 173, 258, 271
458, 519, 228, 672, 335, 140, 243, 268
458, 486, 205, 642, 328, 130, 286, 223
445, 407, 194, 651, 318, 129, 262, 210
466, 435, 160, 605, 308, 134, 319, 216
394, 341, 174, 626, 285, 121, 349, 210
402, 361, 197, 540, 215, 109, 374, 236
422, 346, 216, 592, 241, 120, 309, 261
477, 377, 212, 604, 282, 138, 310, 281
439, 359, 218, 576, 264, 133, 279, 268
401, 360, 200, 622, 278, 127, 268, 267
404, 325, 163, 621, 278, 121, 245, 234
366, 345, 136, 553, 254, 115, 246, 191
263, 291, 122, 495, 187, 93, 246, 151
279, 275, 138, 515, 174, 103, 219, 170
335, 297, 138, 410, 142, 106, 209, 147
367, 324, 141, 429, 140, 112, 200, 165
373, 328, 134, 447, 147, 114, 214, 172
414, 366, 163, 518, 185, 120, 208, 190
432, 392, 192, 716, 285, 135, 272, 241
405, 393, 189, 718, 287, 132, 284, 238
382, 375, 199, 745, 321, 140, 331, 236
422, 392, 216, 780, 345, 136, 355, 259
385, 379, 210, 738, 329, 132, 398, 262
360, 345, 185, 559, 272, 106, 358, 219
399, 363, 209, 629, 285, 119, 356, 249
413, 390, 228, 625, 265, 121, 335, 266
424, 366, 225, 596, 271, 134, 372, 263
517, 423, 221, 633, 328, 150, 397, 294
591, 476, 213, 602, 319, 157, 431, 292
637, 486, 209, 723, 387, 163, 448, 279
644, 542, 192, 710, 413, 154, 444, 299
622, 577, 210, 709, 412, 153, 404, 300
572, 538, 211, 726, 373, 145, 409, 285
527, 525, 225, 793, 389, 142, 374, 280
464, 495, 214, 639, 321, 140, 341, 271
428, 478, 206, 588, 280, 147, 337, 240
419, 452, 182, 634, 241, 141, 328, 211
419, 444, 170, 581, 250, 135, 239, 165
402, 430, 166, 462, 214, 129, 258, 180
379, 437, 188, 409, 205, 120, 276, 202
368, 362, 191, 443, 239, 150, 317, 188
401, 396, 208, 402, 258, 150, 346, 218
480, 447, 220, 411, 267, 148, 339, 226
498, 447, 206, 470, 282, 158, 321, 219
507, 416, 218, 476, 274, 149, 386, 205
546, 434, 239, 538, 258, 116, 399, 217
588, 429, 225, 533, 258, 124, 379, 228
510, 395, 224, 536, 256, 120, 401, 244
478, 409, 234, 562, 242, 124, 455, 238
508, 447, 211, 569, 258, 159, 401, 245
472, 448, 190, 566, 298, 173, 338, 228
392, 399, 213, 634, 303, 166, 340, 200
409, 386, 211, 693, 295, 174, 326, 206
434, 350, 197, 634, 286, 162, 269, 225
397, 320, 190, 649, 282, 128, 301, 250
411, 294, 185, 734, 333, 116, 339, 257
415, 289, 179, 679, 337, 138, 364, 275
512, 307, 178, 621, 328, 131, 351, 289
550, 309, 184, 631, 328, 131, 401, 322
578, 305, 188, 675, 381, 140, 451, 342
580, 319, 184, 584, 318, 134, 483, 372
609, 369, 152, 615, 319, 114, 485, 377
539, 348, 166, 669, 336, 120, 503, 382
515, 371, 161, 683, 348, 120, 474, 358
476, 359, 147, 667, 308, 128, 434, 319
457, 421, 147, 628, 292, 135, 399, 303
413, 379, 175, 584, 303, 142, 383, 302
391, 398, 166, 506, 287, 144, 412, 268
359, 375, 185, 476, 287, 159, 471, 272
340, 395, 198, 417, 258, 154, 442, 290
357, 323, 224, 413, 270, 147, 436, 267
342, 322, 206, 443, 257, 156, 423, 239
338, 296, 199, 523, 273, 156, 393, 246
320, 296, 173, 532, 273, 150, 303, 285
365, 295, 169, 525, 278, 138, 328, 264
357, 299, 141, 500, 250, 153, 326, 274
369, 343, 152, 515, 223, 149, 335, 284
418, 343, 148, 480, 217, 144, 411, 297
487, 380, 171, 542, 237, 163, 448, 295
505, 390, 162, 650, 241, 175, 460, 332
549, 410, 151, 672, 264, 165, 520, 361
568, 408, 137, 716, 293, 155, 516, 369
588, 443, 151, 724, 281, 161, 455, 347
625, 415, 127, 728, 268, 134, 512, 330
625, 419, 148, 645, 269, 136, 489, 305
700, 462, 183, 640, 247, 169, 438, 293
694, 480, 202, 538, 209, 183, 468, 310
709, 459, 212, 512, 243, 180, 482, 329
677, 443, 228, 417, 240, 194, 407, 327
684, 429, 220, 482, 255, 191, 426, 348
569, 378, 198, 454, 248, 166, 410, 348
545, 313, 184, 496, 249, 148, 412, 317
456, 306, 163, 463, 211, 150, 379, 307
442, 320, 160, 526, 223, 155, 354, 287
389, 308, 167, 481, 193, 149, 372, 260
373, 355, 168, 500, 253, 155, 393, 225
386, 360, 170, 515, 253, 154, 368, 235
419, 384, 192, 544, 254, 165, 368, 226
361, 394, 188, 482, 230, 147, 380, 245
358, 427, 190, 494, 235, 148, 349, 251
399, 352, 182, 518, 217, 139, 344, 268
399, 378, 176, 461, 209, 148, 318, 256
388, 392, 152, 445, 212, 127, 372, 259
398, 401, 158, 473, 218, 121, 399, 257
395, 421, 187, 456, 218, 120, 429, 258
349, 422, 192, 458, 220, 115, 422, 235
371, 413, 203, 455, 234, 104, 433, 254
539, 448, 214, 465, 233, 125, 411, 283
545, 450, 213, 505, 239, 149, 357, 263
531, 390, 188, 477, 235, 149, 319, 266
563, 399, 192, 511, 193, 146, 311, 270
589, 415, 189, 524, 209, 161, 351, 269
447, 348, 225, 566, 252, 148, 373, 278
436, 331, 219, 508, 262, 145, 402, 326
456, 374, 224, 588, 305, 156, 409, 314
478, 411, 243, 530, 304, 154, 416, 347
422, 383, 243, 562, 295, 142, 419, 334
383, 394, 203, 482, 256, 151, 382, 301
381, 435, 206, 544, 238, 146, 370, 252
361, 400, 194, 510, 188, 137, 385, 295
303, 364, 154, 494, 200, 132, 362, 263
335, 349, 182, 463, 194, 135, 398, 281
340, 342, 183, 452, 203, 122, 413, 272
413, 296, 178, 400, 194, 107, 409, 268
428, 321, 170, 326, 190, 109, 403, 218
437, 358, 189, 500, 235, 111, 430, 215
438, 353, 143, 567, 225, 106, 360, 191
441, 337, 139, 607, 231, 102, 396, 231
364, 325, 133, 592, 233, 95, 460, 252
352, 310, 131, 627, 263, 85, 432, 250
329, 286, 115, 536, 222, 89, 539, 295
350, 289, 136, 473, 235, 83, 547, 297
351, 338, 150, 523, 249, 99, 548, 274
390, 364, 146, 546, 260, 105, 511, 250
405, 380, 154, 548, 239, 109, 547, 268
422, 366, 154, 529, 238, 115, 423, 261
429, 396, 159, 578, 235, 120, 395, 274
483, 370, 163, 522, 206, 126, 375, 290
467, 345, 169, 513, 230, 146, 355, 294
480, 375, 172, 520, 236, 154, 322, 276
490, 374, 172, 604, 246, 168, 371, 242
465, 381, 174, 561, 248, 180, 412, 271
413, 359, 166, 553, 261, 170, 400, 253
406, 373, 163, 611, 234, 148, 382, 250
367, 395, 203, 584, 241, 135, 361, 244
341, 390, 223, 496, 262, 122, 363, 235
329, 378, 210, 481, 250, 101, 320, 202
371, 383, 221, 612, 331, 122, 334, 246
348, 358, 233, 587, 344, 123, 344, 235
369, 288, 204, 627, 325, 125, 359, 231
372, 382, 193, 644, 306, 144, 357, 230
382, 362, 207, 638, 313, 153, 386, 252
323, 358, 194, 558, 264, 143, 349, 211
346, 382, 190, 528, 249, 152, 367, 233
400, 409, 204, 544, 253, 155, 367, 248
411, 323, 189, 579, 262, 126, 303, 263
385, 334, 164, 597, 279, 124, 305, 232
402, 327, 169, 593, 227, 123, 333, 236
390, 341, 161, 641, 235, 126, 314, 229
304, 313, 126, 600, 237, 124, 300, 215
326, 321, 141, 587, 220, 125, 300, 215
413, 331, 171, 597, 234, 140, 304, 215
438, 422, 161, 552, 234, 129, 295, 206
448, 397, 219, 540, 227, 128, 295, 208
470, 382, 220, 522, 228, 157, 320, 231
472, 392, 240, 516, 230, 157, 339, 239
419, 408, 240, 505, 181, 139, 357, 257
611, 379, 263, 527, 227, 149, 395, 316
602, 386, 226, 606, 261, 151, 422, 316
639, 434, 259, 677, 268, 138, 476, 316
615, 427, 264, 637, 254, 151, 533, 315
604, 385, 265, 623, 259, 162, 551, 297
384, 319, 295, 625, 227, 165, 533, 244
391, 308, 343, 533, 183, 159, 511, 235
302, 296, 324, 487, 182, 150, 452, 218
296, 275, 306, 596, 189, 137, 366, 188
288, 297, 293, 600, 203, 130, 308, 181
345, 339, 266, 645, 213, 126, 291, 190
368, 332, 199, 674, 231, 132, 305, 191
365, 291, 230, 668, 257, 125, 326, 213
365, 338, 239, 590, 262, 132, 330, 205
380, 345, 247, 587, 246, 126, 313, 208
357, 354, 254, 544, 253, 121, 301, 210
363, 348, 258, 494, 239, 112, 302, 213
388, 354, 216, 497, 198, 114, 267, 206
401, 307, 199, 456, 184, 100, 256, 209
404, 289, 201, 425, 192, 100, 260, 216
375, 225, 157, 409, 165, 103, 297, 193
331, 229, 140, 382, 157, 101, 306, 197
300, 195, 158, 330, 156, 92, 297, 167
297, 245, 175, 325, 155, 93, 321, 176
330, 232, 170, 381, 159, 118, 318, 265
337, 224, 179, 451, 186, 110, 277, 279
324, 226, 221, 438, 193, 110, 273, 271
336, 261, 257, 436, 217, 126, 303, 273
316, 216, 300, 460, 239, 132, 325, 317
261, 211, 318, 455, 237, 112, 315, 241
261, 214, 367, 405, 221, 117, 325, 228
280, 304, 357, 488, 265, 116, 297, 237
302, 284, 347, 537, 248, 123, 302, 242
307, 288, 318, 563, 238, 142, 323, 205
347, 316, 352, 652, 234, 148, 326, 255
378, 333, 343, 632, 261, 148, 323, 270
401, 294, 349, 591, 202, 154, 329, 256
400, 294, 358, 579, 205, 146, 335, 267
396, 285, 347, 540, 208, 163, 317, 254
371, 275, 331, 415, 218, 154, 318, 221
341, 268, 286, 448, 193, 153, 323, 194
342, 314, 272, 476, 203, 154, 328, 217
301, 319, 246, 507, 214, 146, 332, 204
295, 328, 255, 545, 213, 102, 282, 190
274, 320, 236, 535, 210, 117, 310, 171
352, 367, 265, 565, 210, 123, 369, 202
351, 325, 305, 537, 212, 116, 359, 195
367, 315, 312, 540, 217, 129, 378, 190
396, 328, 323, 558, 208, 133, 488, 209
411, 354, 342, 637, 247, 129, 481, 241
351, 363, 345, 582, 242, 124, 428, 237
314, 362, 434, 661, 235, 127, 466, 241
350, 378, 432, 685, 230, 124, 447, 256
320, 385, 429, 678, 251, 123, 319, 233
306, 361, 398, 620, 215, 117, 305, 220
294, 315, 381, 628, 237, 123, 361, 229
303, 304, 232, 554, 237, 118, 354, 210
252, 287, 219, 446, 219, 108, 321, 197
258, 275, 291, 410, 203, 110, 328, 209
266, 287, 360, 428, 200, 118, 336, 200
272, 276, 383, 414, 157, 114, 300, 174
287, 285, 379, 389, 174, 113, 263, 191
369, 334, 381, 548, 212, 119, 303, 232
355, 320, 319, 534, 202, 113, 349, 230
387, 364, 274, 535, 202, 110, 376, 254
388, 418, 259, 626, 257, 108, 352, 252
424, 424, 292, 688, 309, 127, 403, 292
391, 410, 308, 606, 294, 150, 449, 275
408, 435, 362, 627, 322, 155, 417, 293
403, 401, 360, 591, 315, 158, 369, 277
395, 347, 351, 493, 277, 152, 373, 281
354, 319, 323, 413, 204, 144, 471, 246
373, 295, 310, 428, 192, 113, 429, 240
373, 263, 298, 405, 160, 146, 452, 221
353, 265, 297, 434, 170, 135, 460, 214
373, 270, 295, 481, 190, 154, 490, 222
370, 305, 293, 469, 196, 151, 352, 217
348, 305, 301, 428, 189, 152, 325, 206
342, 333, 255, 412, 171, 113, 336, 204
352, 349, 237, 439, 187, 132, 331, 193
384, 341, 236, 434, 167, 115, 291, 193
386, 308, 241, 470, 165, 118, 286, 189
359, 319, 269, 451, 172, 128, 293, 198
383, 290, 273, 450, 171, 131, 239, 201
378, 333, 302, 390, 147, 128, 238, 205
325, 346, 314, 357, 151, 143, 242, 190
322, 362, 326, 334, 154, 150, 309, 210
311, 348, 292, 345, 168, 139, 319, 207
351, 355, 325, 394, 187, 142, 336, 199
348, 308, 363, 546, 205, 143, 399, 219
365, 307, 372, 529, 207, 136, 426, 231
509, 352, 378, 537, 226, 134, 396, 233
525, 358, 381, 527, 216, 134, 465, 303
532, 377, 368, 523, 216, 154, 464, 318
579, 408, 325, 445, 245, 144, 438, 313
701, 446, 300, 456, 246, 136, 431, 360
657, 451, 268, 464, 227, 126, 433, 371
644, 451, 302, 522, 261, 141, 337, 318
613, 426, 280, 509, 255, 111, 353, 302
574, 451, 241, 472, 226, 108, 333, 288
413, 405, 241, 483, 218, 105, 304, 213
341, 378, 241, 499, 236, 105, 294, 199
382, 403, 212, 468, 203, 102, 304, 239
379, 420, 218, 516, 221, 104, 313, 259
373, 358, 229, 494, 217, 107, 329, 271
369, 414, 217, 563, 266, 121, 326, 273
342, 393, 228, 500, 249, 120, 326, 253
291, 369, 205, 511, 245, 116, 324, 216
275, 368, 197, 445, 218, 116, 283, 189
305, 349, 221, 435, 212, 121, 285, 185
316, 299, 224, 292, 143, 117, 313, 191
335, 294, 237, 348, 190, 130, 305, 204
391, 348, 242, 431, 213, 124, 315, 217
423, 407, 243, 521, 243, 146, 347, 243
385, 443, 218, 568, 240, 163, 317, 247
390, 447, 275, 642, 294, 159, 302, 251
431, 470, 272, 800, 294, 165, 303, 281
437, 451, 298, 783, 290, 165, 348, 272
414, 436, 315, 739, 305, 143, 330, 276
467, 423, 317, 746, 318, 132, 358, 285
480, 437, 268, 690, 279, 134, 354, 295
450, 438, 257, 541, 262, 108, 351, 249
411, 416, 215, 566, 251, 110, 306, 242
426, 398, 165, 562, 219, 110, 366, 225
410, 436, 183, 545, 224, 94, 369, 241
424, 544, 227, 567, 240, 99, 360, 220
418, 526, 229, 529, 257, 110, 352, 229
462, 534, 240, 442, 259, 113, 367, 244
459, 524, 248, 459, 247, 119, 308, 240
448, 481, 236, 521, 319, 130, 283, 209
399, 334, 220, 535, 303, 119, 285, 202
404, 328, 229, 543, 280, 110, 267, 189
387, 350, 246, 530, 282, 108, 219, 173
364, 323, 284, 590, 301, 106, 181, 183
352, 317, 295, 545, 220, 111, 188, 177
350, 293, 291, 569, 244, 125, 224, 183
344, 286, 288, 574, 246, 127, 225, 190
320, 273, 277, 650, 258, 129, 254, 186
342, 343, 246, 630, 243, 135, 282, 171
346, 344, 267, 641, 231, 131, 290, 196
426, 354, 268, 589, 218, 126, 311, 208
480, 371, 303, 598, 237, 128, 413, 229
532, 369, 302, 603, 248, 126, 480, 276
579, 308, 307, 637, 293, 126, 477, 279
564, 347, 315, 601, 299, 131, 461, 263
502, 349, 338, 634, 299, 142, 440, 253
456, 336, 309, 583, 278, 157, 359, 243
374, 310, 300, 506, 245, 154, 251, 182
354, 336, 280, 366, 180, 152, 233, 163
366, 312, 221, 343, 158, 132, 230, 159
375, 297, 171, 310, 152, 115, 206, 153
375, 311, 183, 346, 147, 91, 224, 153
380, 307, 190, 451, 146, 95, 211, 164
312, 291, 190, 468, 185, 87, 237, 167
300, 268, 222, 546, 247, 107, 267, 175
304, 270, 214, 556, 236, 104, 279, 179
300, 264, 183, 563, 265, 105, 246, 152
281, 319, 187, 566, 292, 111, 277, 149
276, 317, 198, 593, 280, 109, 258, 153
307, 341, 231, 636, 247, 105, 230, 158
296, 359, 246, 630, 252, 109, 226, 159
270, 347, 256, 652, 238, 119, 243, 167
302, 305, 246, 584, 206, 109, 240, 167
310, 296, 233, 543, 185, 109, 263, 180
291, 258, 164, 398, 149, 100, 263, 171
349, 222, 167, 464, 239, 106, 260, 182
408, 272, 155, 421, 231, 100, 271, 191
394, 270, 161, 403, 230, 105, 249, 186
410, 342, 183, 450, 249, 107, 234, 169
399, 364, 202, 468, 263, 110, 240, 192
358, 397, 191, 377, 195, 113, 267, 183
314, 396, 188, 449, 203, 112, 315, 177
307, 404, 183, 480, 229, 126, 318, 185
261, 346, 165, 497, 226, 125, 319, 190
288, 325, 133, 517, 214, 125, 323, 186
376, 341, 153, 561, 208, 120, 300, 199
370, 304, 167, 585, 204, 130, 249, 190
375, 289, 180, 588, 217, 126, 356, 213
421, 398, 191, 554, 212, 139, 450, 251
419, 433, 210, 522, 208, 147, 457, 237
385, 398, 203, 547, 213, 144, 456, 233
397, 406, 219, 492, 222, 140, 460, 243
487, 469, 225, 489, 185, 143, 454, 294
453, 374, 225, 496, 180, 148, 359, 264
489, 374, 222, 568, 195, 139, 346, 268
456, 408, 230, 495, 197, 146, 371, 277
507, 477, 249, 493, 202, 156, 386, 305
494, 476, 248, 482, 202, 150, 297, 252
513, 483, 237, 493, 206, 133, 294, 249
479, 456, 226, 405, 203, 130, 330, 242
468, 432, 233, 414, 191, 120, 294, 225
403, 357, 198, 358, 155, 100, 246, 178
392, 457, 185, 362, 174, 91, 275, 165
411, 457, 192, 308, 166, 84, 269, 175
396, 468, 198, 323, 157, 80, 245, 174
393, 469, 161, 388, 192, 88, 251, 169
394, 459, 151, 474, 225, 87, 260, 182
313, 284, 167, 489, 212, 98, 261, 172
318, 327, 189, 511, 224, 107, 255, 173
349, 369, 204, 632, 257, 106, 235, 171
371, 383, 219, 604, 237, 109, 313, 203
378, 432, 249, 551, 213, 108, 379, 202
385, 442, 244, 521, 207, 100, 368, 192
337, 430, 229, 526, 218, 101, 414, 195
308, 366, 247, 456, 249, 124, 433, 207
316, 350, 237, 494, 256, 122, 400, 198
328, 298, 218, 509, 253, 126, 334, 191
317, 301, 209, 501, 252, 132, 334, 203
308, 269, 201, 478, 231, 127, 300, 187
363, 276, 154, 446, 178, 114, 284, 175
514, 335, 159, 403, 153, 108, 296, 226
497, 336, 148, 415, 168, 105, 297, 256
503, 371, 170, 508, 210, 115, 321, 256
589, 466, 201, 553, 247, 131, 311, 301
586, 511, 307, 601, 282, 139, 314, 323
446, 523, 392, 624, 291, 140, 327, 280
480, 550, 406, 615, 291, 177, 512, 277
617, 589, 608, 553, 270, 199, 556, 348
588, 537, 656, 551, 236, 196, 633, 359
602, 519, 620, 575, 247, 202, 646, 362
614, 473, 583, 543, 252, 215, 623, 374
619, 484, 611, 532, 249, 199, 536, 383
526, 414, 451, 607, 268, 182, 536, 322
527, 410, 406, 660, 289, 183, 516, 309
540, 448, 477, 618, 235, 171, 605, 372
552, 452, 538, 658, 245, 164, 623, 366
571, 434, 532, 695, 257, 164, 592, 358
593, 513, 495, 679, 282, 157, 632, 407
570, 519, 483, 604, 270, 152, 598, 386
540, 492, 422, 660, 323, 147, 506, 308
524, 493, 444, 637, 314, 144, 483, 300
504, 474, 408, 604, 312, 136, 478, 293
488, 374, 413, 560, 266, 158, 435, 266
480, 383, 399, 690, 343, 179, 450, 265
455, 439, 387, 596, 301, 191, 446, 263
445, 455, 273, 616, 327, 202, 517, 320
437, 485, 291, 603, 320, 194, 556, 340
449, 504, 327, 612, 326, 177, 491, 311
447, 484, 345, 574, 265, 169, 519, 319
442, 405, 371, 557, 260, 168, 568, 326
443, 386, 359, 527, 210, 156, 533, 272
405, 364, 355, 544, 249, 160, 478, 232
320, 351, 326, 555, 260, 154, 476, 240
376, 374, 350, 454, 243, 139, 501, 222
396, 433, 350, 515, 239, 134, 429, 212
426, 451, 369, 612, 304, 145, 404, 261
471, 417, 374, 586, 307, 164, 501, 308
493, 409, 399, 603, 311, 175, 508, 310
472, 398, 371, 651, 342, 185, 437, 338
488, 356, 340, 654, 348, 194, 444, 365
467, 340, 308, 597, 344, 183, 449, 326
439, 361, 284, 618, 323, 169, 349, 304
493, 380, 280, 578, 325, 152, 333, 309
485, 431, 323, 513, 297, 137, 293, 285
478, 424, 327, 532, 289, 126, 279, 252
479, 417, 321, 519, 280, 144, 334, 266
474, 412, 329, 539, 287, 144, 357, 240
426, 389, 289, 533, 290, 179, 371, 209
402, 343, 251, 619, 313, 180, 361, 211
373, 340, 250, 554, 316, 182, 373, 200
372, 327, 262, 626, 304, 187, 333, 207
408, 383, 326, 717, 373, 224, 372, 238
387, 373, 340, 761, 379, 206, 361, 234
387, 365, 316, 865, 463, 219, 365, 246
382, 393, 339, 925, 509, 222, 398, 268
388, 390, 344, 878, 499, 213, 430, 274
347, 362, 308, 879, 468, 177, 374, 249
409, 402, 323, 888, 468, 174, 379, 257
401, 452, 343, 776, 382, 152, 379, 236
450, 461, 366, 701, 326, 130, 319, 232
459, 518, 359, 767, 340, 124, 306, 220
461, 527, 369, 748, 312, 116, 349, 256
459, 534, 353, 725, 297, 121, 343, 256
476, 510, 340, 809, 321, 145, 410, 273
454, 488, 286, 821, 306, 174, 505, 277
448, 448, 309, 763, 318, 186, 488, 273
479, 443, 260, 768, 351, 188, 475, 272
416, 467, 261, 781, 351, 185, 486, 317
405, 460, 264, 633, 303, 196, 492, 310
379, 458, 281, 684, 362, 179, 441, 305
488, 506, 262, 720, 367, 183, 482, 329
475, 565, 360, 685, 367, 199, 511, 304
607, 535, 361, 667, 364, 214, 542, 301
650, 510, 354, 689, 450, 243, 491, 300
660, 500, 370, 721, 429, 251, 472, 286
603, 485, 377, 673, 402, 247, 442, 264
619, 396, 283, 628, 377, 247, 431, 292
559, 508, 273, 753, 451, 253, 426, 304
582, 572, 276, 812, 377, 210, 443, 306
647, 569, 255, 791, 385, 200, 463, 376
623, 553, 238, 829, 402, 199, 442, 390
665, 634, 315, 838, 409, 204, 429, 410
684, 554, 315, 736, 370, 198, 479, 423
727, 576, 307, 693, 404, 210, 525, 478
788, 663, 300, 711, 409, 222, 587, 439
834, 691, 325, 675, 413, 223, 593, 439
792, 620, 315, 706, 440, 216, 574, 415
773, 623, 347, 724, 451, 223, 494, 358
718, 592, 396, 709, 425, 220, 552, 309
673, 591, 403, 681, 411, 238, 490, 336
681, 574, 393, 688, 389, 240, 496, 339
668, 594, 356, 781, 388, 227, 494, 345
763, 611, 333, 761, 345, 207, 497, 352
738, 634, 302, 914, 375, 223, 423, 328
665, 608, 293, 900, 355, 213, 415, 321
696, 666, 279, 894, 371, 210, 405, 323
750, 720, 271, 785, 318, 249, 544, 378
604, 758, 268, 776, 308, 254, 556, 382
624, 732, 242, 678, 305, 252, 544, 381
649, 733, 243, 706, 343, 247, 523, 387
571, 736, 239, 709, 343, 236, 532, 384
505, 654, 273, 789, 378, 226, 454, 332
524, 582, 282, 805, 380, 222, 468, 312
529, 568, 290, 790, 365, 226, 471, 355
530, 530, 287, 785, 340, 219, 477, 335
618, 486, 283, 758, 311, 219, 464, 323
610, 521, 254, 726, 290, 211, 406, 298
586, 526, 230, 760, 298, 212, 374, 315
526, 562, 227, 881, 326, 180, 346, 276
553, 618, 233, 853, 359, 187, 371, 291
479, 708, 248, 973, 487, 199, 427, 325
540, 704, 224, 937, 495, 184, 463, 352
584, 765, 240, 958, 508, 179, 472, 373
626, 881, 228, 893, 505, 173, 478, 364
636, 859, 210, 915, 474, 155, 456, 350
588, 777, 211, 917, 406, 138, 445, 334
577, 761, 226, 951, 435, 134, 445, 334
552, 711, 224, 944, 461, 135, 417, 302
565, 572, 216, 859, 421, 143, 394, 314
469, 538, 225, 826, 428, 161, 414, 314
516, 479, 213, 714, 376, 170, 377, 279
459, 501, 199, 726, 368, 186, 324, 250
504, 553, 202, 675, 317, 178, 357, 250
506, 558, 224, 706, 327, 172, 391, 291
536, 569, 219, 757, 339, 170, 371, 281
506, 638, 254, 814, 385, 167, 384, 280
608, 686, 258, 782, 337, 138, 390, 321
649, 688, 243, 819, 337, 139, 397, 364
677, 728, 235, 882, 365, 146, 358, 330
658, 721, 230, 833, 344, 137, 344, 329
660, 709, 207, 768, 311, 136, 352, 338
578, 660, 196, 824, 315, 139, 393, 317
476, 652, 197, 777, 304, 147, 374, 262
369, 540, 197, 655, 272, 173, 407, 248
428, 596, 214, 765, 293, 166, 440, 242
433, 553, 212, 787, 315, 169, 428, 246
488, 543, 208, 765, 387, 181, 480, 245
495, 510, 233, 891, 483, 206, 492, 245
480, 585, 228, 915, 486, 185, 467, 250
479, 572, 219, 865, 490, 190, 452, 286
508, 583, 198, 853, 481, 196, 440, 307
499, 621, 214, 796, 433, 200, 417, 306
504, 610, 189, 653, 343, 173, 399, 302
529, 541, 183, 674, 334, 166, 397, 323
526, 498, 216, 655, 310, 157, 386, 292
496, 595, 229, 729, 376, 153, 382, 256
423, 565, 236, 742, 401, 129, 318, 242
419, 539, 235, 764, 406, 137, 301, 270
438, 540, 247, 806, 418, 178, 285, 231
425, 544, 217, 835, 441, 185, 300, 242
390, 466, 199, 744, 371, 185, 287, 239
407, 453, 182, 753, 349, 183, 276, 228
428, 436, 188, 779, 328, 168, 292, 229
384, 439, 169, 702, 316, 132, 307, 240
456, 399, 158, 657, 290, 132, 275, 235
488, 371, 185, 695, 291, 126, 319, 247
504, 403, 200, 667, 283, 124, 334, 251
493, 423, 191, 574, 251, 131, 344, 224
494, 430, 201, 561, 257, 121, 346, 207
423, 440, 261, 640, 285, 153, 388, 258
394, 429, 250, 642, 319, 176, 403, 265
374, 391, 227, 650, 308, 177, 384, 283
359, 387, 220, 666, 314, 176, 436, 286
357, 393, 215, 647, 333, 181, 424, 284
321, 439, 164, 557, 333, 167, 381, 224
455, 395, 155, 523, 297, 148, 350, 231
502, 412, 180, 627, 360, 146, 377, 238
491, 451, 208, 652, 397, 152, 329, 253
511, 517, 211, 689, 411, 170, 413, 269
513, 510, 195, 732, 420, 154, 433, 277
395, 528, 191, 761, 480, 149, 421, 262
335, 518, 180, 757, 451, 157, 449, 262
406, 493, 195, 829, 474, 179, 458, 283
403, 402, 212, 815, 452, 151, 443, 297
395, 405, 245, 774, 441, 146, 448, 303
408, 391, 246, 815, 401, 146, 451, 308
396, 385, 259, 730, 376, 140, 416, 281
352, 382, 225, 638, 323, 102, 421, 265
325, 410, 224, 654, 328, 107, 397, 260
374, 356, 192, 691, 348, 122, 385, 316
375, 391, 193, 581, 302, 114, 378, 317
424, 432, 191, 595, 321, 119, 341, 328
400, 427, 224, 660, 336, 131, 324, 302
440, 410, 212, 691, 337, 166, 282, 287
392, 442, 230, 695, 301, 178, 292, 208
389, 419, 250, 890, 328, 193, 352, 193
333, 384, 265, 1009, 393, 200, 374, 214
401, 394, 245, 959, 361, 217, 443, 266
399, 401, 248, 903, 343, 197, 440, 269
421, 366, 237, 887, 349, 182, 431, 277
458, 368, 243, 781, 337, 167, 404, 271
468, 392, 233, 667, 268, 170, 440, 285
433, 384, 229, 665, 329, 138, 369, 266
430, 437, 217, 744, 348, 141, 427, 261
483, 509, 204, 725, 347, 185, 472, 281
466, 537, 236, 674, 351, 185, 504, 295
459, 523, 216, 672, 359, 171, 465, 262
476, 557, 220, 681, 313, 178, 446, 237
450, 568, 231, 639, 323, 176, 410, 247
429, 524, 241, 727, 326, 129, 338, 225
437, 506, 174, 722, 320, 127, 266, 224
438, 488, 196, 728, 311, 127, 276, 229
398, 448, 189, 718, 337, 117, 288, 233
414, 356, 178, 757, 299, 120, 251, 240
353, 323, 167, 666, 289, 135, 267, 235
316, 310, 176, 636, 306, 138, 297, 226
361, 318, 152, 616, 320, 147, 341, 264
387, 369, 218, 633, 322, 155, 361, 290
370, 356, 243, 691, 355, 161, 363, 295
385, 378, 258, 697, 347, 150, 369, 298
404, 371, 265, 709, 345, 165, 364, 301
422, 429, 282, 726, 323, 155, 332, 254
394, 437, 239, 750, 324, 177, 298, 228
389, 443, 218, 669, 291, 175, 377, 217
374, 431, 204, 721, 318, 173, 385, 206
338, 438, 187, 700, 292, 155, 373, 199
280, 386, 172, 687, 288, 166, 349, 206
286, 317, 183, 635, 258, 170, 472, 247
289, 333, 193, 588, 269, 168, 434, 247
433, 356, 194, 528, 236, 170, 445, 263
427, 363, 193, 563, 245, 164, 441, 266
416, 353, 173, 497, 242, 166, 462, 270
411, 337, 164, 494, 229, 132, 391, 260
502, 322, 153, 515, 205, 129, 376, 257
417, 385, 152, 584, 280, 154, 363, 248
462, 409, 167, 564, 300, 169, 362, 237
540, 517, 177, 564, 287, 157, 378, 284
545, 528, 171, 693, 320, 154, 324, 262
469, 558, 193, 736, 383, 166, 419, 276
469, 545, 199, 706, 334, 142, 463, 269
440, 535, 212, 769, 356, 155, 476, 266
338, 429, 220, 789, 366, 157, 470, 217
388, 426, 242, 696, 349, 156, 479, 219
390, 403, 219, 696, 313, 139, 397, 182
372, 358, 230, 645, 329, 139, 324, 207
379, 403, 234, 570, 320, 112, 305, 214
415, 411, 235, 634, 317, 121, 286, 197
349, 399, 213, 625, 314, 138, 264, 204
324, 383, 214, 555, 279, 128, 246, 219
346, 428, 188, 612, 265, 141, 293, 223
346, 357, 156, 717, 264, 137, 298, 225
341, 363, 164, 640, 273, 125, 296, 226
369, 386, 169, 611, 257, 107, 313, 210
377, 385, 162, 585, 247, 130, 327, 199
356, 318, 170, 546, 244, 132, 295, 188
354, 319, 182, 539, 253, 145, 312, 177
305, 313, 182, 547, 239, 146, 303, 192
296, 290, 192, 552, 248, 159, 287, 200
343, 341, 219, 663, 274, 160, 305, 267
329, 347, 229, 727, 292, 153, 309, 273
335, 368, 226, 675, 263, 146, 303, 301
338, 396, 213, 670, 301, 152, 285, 302
343, 403, 203, 747, 349, 144, 285, 287
291, 382, 174, 677, 343, 133, 267, 234
307, 371, 161, 639, 369, 124, 256, 215
285, 351, 147, 594, 359, 114, 246, 192
307, 330, 141, 598, 330, 103, 257, 202
386, 345, 149, 594, 315, 151, 259, 224
420, 367, 183, 632, 310, 153, 254, 217
410, 378, 185, 614, 265, 164, 308, 231
417, 407, 198, 617, 271, 168, 304, 222
413, 405, 199, 669, 294, 171, 346, 224
344, 411, 187, 634, 263, 133, 439, 225
296, 370, 165, 590, 275, 157, 505, 244
295, 359, 173, 554, 258, 155, 484, 229
324, 367, 180, 582, 274, 177, 525, 262
356, 368, 184, 515, 253, 177, 497, 242
342, 363, 191, 454, 253, 197, 422, 234
354, 368, 198, 485, 265, 176, 353, 237
367, 360, 192, 609, 307, 184, 359, 254
324, 352, 177, 578, 302, 176, 295, 215
297, 332, 183, 575, 300, 187, 311, 222
328, 326, 176, 572, 286, 156, 308, 212
315, 345, 165, 558, 275, 162, 324, 242
317, 379, 158, 490, 294, 155, 287, 221
346, 378, 189, 465, 281, 144, 277, 223
343, 393, 174, 477, 277, 124, 263, 224
332, 384, 177, 538, 287, 133, 321, 236
415, 384, 194, 541, 292, 122, 326, 212
408, 364, 192, 537, 231, 123, 367, 234
414, 326, 175, 575, 243, 133, 388, 248
394, 374, 175, 549, 232, 143, 394, 250
376, 393, 171, 495, 248, 155, 350, 239
312, 383, 164, 484, 239, 157, 347, 238
297, 399, 194, 458, 255, 155, 320, 213
287, 475, 197, 421, 239, 138, 283, 193
321, 431, 196, 498, 283, 131, 271, 179
359, 517, 207, 688, 301, 114, 264, 209
358, 517, 200, 717, 314, 109, 258, 190
364, 521, 187, 720, 315, 107, 272, 201
348, 489, 190, 766, 319, 131, 324, 209
346, 513, 192, 790, 289, 156, 346, 206
324, 407, 185, 649, 249, 160, 353, 201
343, 442, 196, 649, 272, 175, 356, 243
422, 431, 188, 625, 253, 177, 343, 277
432, 392, 185, 617, 258, 161, 297, 290
421, 368, 194, 566, 310, 149, 265, 295
435, 359, 199, 575, 316, 145, 284, 287
410, 312, 213, 516, 270, 135, 298, 239
353, 280, 207, 505, 271, 127, 293, 204
324, 288, 193, 483, 262, 133, 298, 189
330, 275, 185, 490, 242, 119, 329, 182
295, 295, 190, 491, 245, 125, 313, 166
301, 318, 158, 626, 302, 107, 360, 183
268, 369, 190, 742, 306, 107, 405, 198
286, 363, 201, 714, 330, 105, 414, 185
271, 379, 199, 680, 304, 103, 388, 199
275, 366, 187, 648, 298, 91, 375, 217
275, 344, 188, 553, 245, 95, 298, 199
303, 372, 180, 439, 247, 99, 276, 170
320, 386, 176, 421, 215, 91, 269, 182
338, 388, 187, 431, 211, 94, 262, 181
334, 394, 207, 516, 231, 118, 273, 179
322, 391, 229, 531, 220, 121, 274, 203
303, 314, 208, 499, 231, 138, 253, 214
295, 344, 200, 547, 223, 150, 303, 207
320, 329, 189, 596, 251, 167, 320, 208
347, 384, 175, 547, 236, 156, 310, 202
391, 400, 146, 518, 241, 156, 296, 181
404, 466, 164, 537, 224, 146, 275, 161
409, 438, 177, 531, 230, 144, 219, 162
458, 469, 196, 512, 181, 124, 226, 180
455, 433, 201, 506, 192, 183, 281, 186
475, 429, 204, 476, 185, 192, 283, 202
531, 370, 194, 504, 193, 188, 344, 235
553, 367, 185, 489, 219, 188, 344, 238
502, 339, 166, 574, 246, 190, 352, 226
483, 323, 160, 643, 288, 146, 307, 210
477, 411, 158, 653, 309, 172, 396, 236
402, 403, 160, 629, 318, 185, 346, 223
358, 421, 154, 626, 309, 184, 336, 226
393, 471, 149, 604, 293, 183, 329, 221
398, 483, 174, 570, 290, 188, 370, 228
354, 402, 165, 581, 291, 150, 269, 190
354, 430, 164, 598, 294, 138, 265, 165
339, 409, 167, 629, 289, 142, 265, 179
275, 361, 177, 569, 303, 153, 297, 191
269, 343, 136, 601, 268, 133, 244, 178
261, 338, 131, 592, 261, 133, 233, 168
313, 304, 126, 622, 231, 130, 226, 172
374, 354, 138, 605, 236, 119, 259, 173
369, 322, 166, 613, 227, 101, 239, 154
408, 337, 177, 578, 219, 95, 243, 161
418, 356, 185, 589, 206, 94, 253, 179
375, 358, 193, 526, 221, 87, 263, 186
324, 292, 182, 598, 228, 82, 246, 172
339, 292, 152, 635, 242, 91, 217, 173
346, 258, 130, 601, 228, 91, 269, 200
325, 266, 161, 592, 223, 94, 269, 195
369, 300, 175, 648, 220, 98, 280, 206
383, 342, 187, 576, 198, 102, 312, 221
441, 361, 189, 544, 165, 91, 331, 236
468, 376, 212, 589, 174, 104, 301, 232
473, 361, 198, 647, 209, 113, 309, 232
441, 320, 183, 617, 199, 119, 302, 231
447, 290, 179, 602, 205, 118, 298, 238
416, 271, 175, 580, 224, 130, 269, 225
333, 299, 183, 548, 231, 134, 308, 211
312, 290, 176, 464, 197, 123, 336, 211
313, 290, 173, 422, 208, 114, 326, 199
293, 287, 165, 427, 211, 108, 286, 164
275, 298, 179, 546, 206, 93, 296, 207
321, 262, 167, 568, 200, 83, 277, 238
326, 257, 175, 625, 228, 92, 234, 233
321, 264, 173, 625, 245, 112, 254, 243
347, 294, 169, 617, 243, 127, 258, 252
331, 303, 172, 541, 262, 136, 293, 224
306, 329, 150, 540, 254, 143, 328, 199
332, 335, 155, 480, 249, 140, 333, 236
347, 365, 168, 470, 220, 123, 315, 223
336, 350, 199, 545, 242, 116, 318, 222
373, 336, 197, 496, 245, 121, 282, 222
388, 318, 206, 472, 258, 129, 206, 219
358, 300, 191, 492, 245, 133, 207, 182
384, 260, 181, 521, 264, 150, 225, 207
389, 270, 175, 436, 240, 153, 223, 198
357, 263, 163, 483, 215, 151, 233, 189
321, 301, 149, 468, 208, 153, 263, 182
324, 315, 162, 488, 221, 155, 291, 218
296, 324, 185, 463, 201, 142, 312, 218
260, 310, 176, 487, 219, 140, 322, 221
291, 366, 171, 521, 215, 131, 307, 217
314, 324, 180, 551, 214, 120, 409, 222
312, 321, 165, 502, 189, 121, 429, 199
304, 345, 139, 498, 188, 130, 429, 181
322, 346, 141, 482, 164, 122, 422, 182
270, 271, 139, 412, 148, 123, 423, 184
279, 269, 144, 382, 159, 117, 404, 203
285, 263, 162, 401, 175, 145, 363, 191
297, 220, 152, 455, 197, 146, 347, 186
279, 219, 159, 450, 207, 156, 349, 186
326, 238, 166, 419, 223, 159, 372, 195
314, 230, 160, 420, 219, 154, 249, 177
345, 263, 172, 482, 225, 117, 335, 199
329, 258, 178, 439, 205, 106, 361, 202
347, 270, 169, 451, 196, 94, 362, 195
339, 270, 176, 443, 174, 89, 345, 192
348, 312, 184, 546, 252, 102, 342, 172
321, 305, 157, 511, 250, 104, 251, 144
317, 316, 155, 500, 270, 113, 282, 202
353, 322, 145, 488, 269, 121, 283, 214
341, 340, 160, 523, 286, 123, 290, 221
347, 335, 152, 412, 224, 115, 302, 228
340, 322, 157, 363, 216, 121, 326, 230
371, 324, 164, 364, 196, 122, 272, 172
330, 294, 167, 399, 209, 165, 277, 183
302, 335, 175, 404, 247, 174, 338, 171
279, 365, 178, 442, 245, 179, 384, 182
294, 420, 182, 447, 247, 182, 392, 192
260, 417, 179, 480, 252, 173, 384, 199
274, 433, 178, 525, 316, 152, 405, 184
335, 414, 164, 502, 289, 153, 346, 185
337, 378, 160, 446, 287, 146, 309, 171
349, 332, 154, 455, 283, 140, 289, 168
355, 325, 153, 452, 289, 167, 437, 206
403, 314, 161, 411, 231, 148, 441, 222
381, 302, 173, 461, 216, 137, 453, 222
384, 305, 169, 498, 210, 150, 448, 241
427, 301, 183, 512, 214, 154, 487, 252
445, 345, 187, 487, 192, 128, 443, 247
386, 360, 184, 468, 175, 140, 458, 236
369, 363, 155, 499, 196, 135, 445, 235
349, 378, 157, 532, 189, 141, 440, 212
287, 382, 159, 545, 206, 150, 398, 217
274, 346, 187, 549, 204, 150, 311, 202
337, 399, 188, 528, 196, 144, 264, 191
366, 402, 197, 512, 192, 162, 265, 183
402, 430, 206, 455, 207, 149, 264, 188
433, 452, 196, 486, 197, 143, 279, 155
420, 474, 176, 512, 203, 158, 287, 142
375, 444, 193, 560, 207, 166, 265, 135
342, 437, 230, 537, 235, 215, 293, 149
320, 403, 227, 562, 231, 217, 359, 168
330, 376, 236, 556, 232, 215, 342, 189
324, 387, 239, 560, 231, 206, 321, 174
332, 358, 227, 524, 252, 206, 318, 193
350, 354, 213, 530, 242, 150, 293, 209
342, 326, 204, 566, 237, 142, 303, 211
305, 309, 186, 525, 233, 135, 309, 228
373, 269, 170, 523, 261, 133, 337, 262
383, 266, 160, 504, 239, 117, 396, 259
386, 316, 128, 481, 209, 105, 411, 250
402, 345, 146, 392, 200, 109, 366, 253
385, 374, 178, 369, 198, 128, 358, 227
323, 369, 181, 319, 179, 128, 347, 192
375, 398, 183, 340, 165, 121, 291, 251
370, 342, 184, 336, 156, 112, 295, 271
347, 386, 175, 376, 201, 111, 271, 256
423, 379, 173, 430, 287, 121, 275, 272
416, 399, 192, 447, 290, 124, 281, 276
361, 373, 192, 443, 293, 124, 303, 230
367, 374, 236, 470, 323, 134, 280, 213
428, 329, 258, 439, 306, 143, 297, 230
347, 318, 285, 422, 226, 117, 280, 214
398, 315, 278, 447, 225, 116, 258, 217
382, 316, 289, 523, 271, 120, 243, 205
412, 337, 252, 504, 250, 128, 287, 210
364, 307, 246, 516, 243, 122, 283, 212
363, 313, 229, 523, 247, 121, 292, 206
339, 321, 239, 546, 251, 121, 291, 191
338, 318, 220, 495, 228, 127, 328, 209
295, 311, 217, 460, 217, 113, 300, 211
337, 335, 197, 437, 217, 107, 287, 186
338, 328, 213, 495, 223, 120, 287, 202
409, 419, 189, 442, 198, 118, 304, 243
427, 431, 199, 425, 180, 113, 259, 227
468, 488, 201, 570, 230, 132, 253, 202
421, 475, 203, 628, 237, 134, 274, 237
444, 473, 151, 554, 220, 119, 291, 248
370, 367, 154, 550, 221, 122, 292, 215
374, 347, 146, 536, 214, 124, 281, 208
301, 304, 197, 540, 201, 109, 277, 212
315, 316, 234, 481, 218, 127, 273, 176
310, 311, 268, 485, 244, 138, 272, 141
308, 305, 288, 547, 246, 136, 263, 136
311, 334, 296, 617, 263, 141, 274, 163
319, 287, 269, 499, 234, 136, 267, 161
369, 320, 244, 484, 223, 122, 238, 180
383, 336, 224, 516, 204, 117, 236, 183
478, 353, 211, 516, 213, 114, 272, 210
464, 340, 214, 471, 210, 113, 264, 214
482, 373, 222, 507, 215, 113, 280, 225
495, 394, 257, 515, 202, 132, 338, 227
487, 430, 279, 571, 203, 126, 317, 227
408, 471, 285, 555, 213, 134, 280, 205
502, 520, 281, 537, 191, 133, 302, 215
492, 503, 288, 504, 182, 138, 365, 208
458, 476, 256, 545, 203, 138, 328, 209
445, 476, 246, 459, 200, 152, 333, 208
434, 431, 265, 430, 178, 143, 341, 205
366, 383, 267, 419, 200, 140, 335, 192
358, 393, 294, 475, 223, 143, 271, 183
338, 380, 338, 523, 250, 143, 271, 179
326, 322, 315, 514, 249, 142, 268, 177
332, 343, 285, 591, 258, 148, 291, 174
313, 315, 275, 606, 256, 144, 351, 201
306, 294, 220, 551, 233, 136, 346, 210
296, 278, 129, 569, 315, 113, 343, 209
320, 290, 126, 598, 323, 119, 391, 255
300, 261, 118, 519, 328, 113, 375, 264
350, 276, 121, 571, 328, 116, 292, 231
339, 265, 124, 597, 356, 124, 290, 226
347, 297, 130, 504, 259, 119, 295, 209
326, 283, 208, 555, 262, 114, 236, 193
362, 292, 225, 531, 252, 122, 263, 192
282, 313, 238, 510, 244, 122, 316, 204
298, 352, 250, 513, 215, 130, 331, 216
334, 346, 302, 518, 199, 146, 326, 235
346, 347, 293, 492, 330, 156, 329, 215
309, 348, 291, 546, 327, 150, 296, 218
322, 341, 298, 495, 328, 153, 251, 213
378, 332, 308, 556, 334, 144, 212, 216
383, 361, 298, 621, 353, 131, 205, 193
385, 369, 290, 606, 234, 114, 203, 185
389, 429, 286, 605, 242, 123, 234, 182
379, 409, 273, 631, 238, 123, 237, 186
319, 425, 296, 569, 225, 113, 248, 164
283, 403, 265, 481, 193, 115, 241, 172
287, 393, 250, 507, 205, 124, 240, 168
289, 327, 242, 551, 207, 121, 345, 192
283, 345, 261, 512, 196, 115, 371, 196
275, 306, 216, 500, 190, 120, 367, 200
270, 290, 195, 642, 218, 114, 368, 198
245, 284, 167, 601, 220, 96, 361, 188
222, 265, 176, 517, 217, 102, 250, 165
247, 262, 161, 595, 250, 105, 223, 183
283, 263, 159, 604, 252, 102, 230, 211
310, 253, 175, 506, 271, 106, 225, 204
342, 305, 187, 489, 248, 110, 248, 218
410, 324, 211, 480, 231, 114, 294, 246
471, 318, 188, 448, 209, 112, 313, 219
460, 331, 224, 461, 229, 122, 324, 221
457, 338, 240, 401, 184, 127, 319, 225
425, 295, 235, 434, 188, 122, 353, 218
384, 294, 215, 493, 205, 118, 317, 183
305, 342, 241, 479, 220, 129, 325, 212
302, 359, 230, 559, 223, 122, 311, 187
300, 357, 218, 620, 224, 133, 316, 204
333, 358, 216, 608, 236, 143, 289, 204
364, 382, 243, 607, 248, 148, 319, 203
344, 338, 234, 597, 231, 140, 292, 166
342, 312, 207, 608, 244, 143, 329, 173
508, 383, 192, 573, 237, 140, 381, 183
520, 438, 233, 650, 275, 137, 389, 196
511, 420, 218, 674, 268, 152, 421, 218
597, 466, 224, 689, 267, 156, 435, 262
598, 457, 236, 612, 239, 157, 418, 264
455, 428, 259, 621, 250, 155, 411, 271
425, 389, 259, 592, 241, 163, 404, 255
399, 406, 251, 538, 246, 142, 404, 247
277, 370, 262, 587, 278, 138, 394, 211
338, 403, 270, 659, 318, 154, 417, 224
333, 414, 294, 630, 312, 151, 475, 220
346, 423, 266, 585, 280, 140, 477, 240
365, 395, 276, 630, 295, 160, 475, 252
363, 380, 258, 583, 265, 157, 472, 270
343, 366, 250, 514, 216, 134, 452, 252
404, 323, 200, 518, 214, 139, 357, 272
383, 282, 212, 529, 222, 137, 341, 265
372, 321, 212, 469, 201, 110, 301, 253
371, 344, 258, 455, 222, 119, 277, 232
334, 339, 332, 394, 203, 120, 289, 225
278, 331, 342, 383, 205, 108, 300, 186
279, 347, 347, 369, 186, 107, 287, 180
302, 341, 346, 380, 193, 105, 250, 180
308, 339, 308, 346, 214, 93, 256, 180
309, 326, 243, 489, 280, 96, 254, 214
327, 346, 296, 494, 279, 115, 270, 238
332, 346, 317, 476, 287, 124, 393, 246
355, 373, 317, 567, 305, 138, 436, 231
338, 337, 324, 567, 276, 138, 442, 226
337, 354, 326, 463, 223, 134, 468, 209
321, 360, 273, 450, 217, 129, 550, 201
355, 371, 261, 493, 212, 123, 487, 185
301, 333, 317, 361, 158, 105, 445, 183
329, 348, 309, 383, 144, 116, 443, 202
372, 333, 296, 405, 174, 140, 414, 203
351, 329, 300, 449, 186, 129, 268, 168
336, 378, 273, 445, 186, 126, 266, 177
363, 377, 216, 434, 182, 127, 268, 178
364, 387, 256, 449, 208, 115, 278, 164
316, 379, 251, 452, 184, 90, 265, 142
321, 360, 326, 441, 194, 94, 253, 166
304, 318, 407, 400, 202, 98, 255, 168
316, 332, 420, 456, 221, 115, 275, 185
293, 307, 430, 490, 254, 120, 279, 194
306, 340, 453, 485, 260, 116, 273, 226
294, 357, 416, 464, 253, 119, 297, 208
306, 336, 336, 495, 241, 117, 329, 208
262, 309, 315, 451, 231, 110, 322, 207
267, 327, 268, 399, 189, 108, 324, 213
302, 294, 242, 431, 179, 109, 363, 196
311, 291, 280, 511, 180, 114, 351, 206
357, 288, 289, 536, 211, 127, 341, 206
368, 283, 285, 534, 207, 127, 346, 197
370, 323, 296, 513, 204, 123, 322, 185
328, 351, 305, 567, 242, 133, 298, 196
409, 375, 275, 540, 238, 139, 308, 201
353, 374, 280, 495, 219, 130, 260, 192
344, 361, 298, 489, 216, 126, 283, 200
411, 338, 330, 551, 204, 125, 311, 202
418, 339, 331, 448, 143, 122, 354, 193
349, 307, 294, 432, 157, 103, 367, 186
385, 294, 303, 449, 158, 105, 471, 193
391, 336, 282, 460, 165, 96, 495, 184
339, 303, 227, 395, 182, 112, 482, 189
424, 306, 188, 378, 192, 124, 459, 204
461, 311, 201, 340, 190, 127, 437, 219
440, 358, 279, 333, 188, 137, 352, 211
466, 375, 302, 359, 191, 152, 368, 223
459, 429, 319, 395, 174, 148, 400, 217
390, 454, 330, 434, 179, 147, 396, 192
415, 455, 370, 440, 182, 144, 406, 209
488, 480, 309, 429, 194, 128, 386, 214
525, 470, 303, 403, 181, 126, 339, 217
518, 428, 305, 360, 196, 130, 302, 215
572, 377, 337, 346, 195, 114, 286, 217
550, 360, 304, 402, 198, 122, 326, 192
521, 343, 322, 434, 218, 127, 347, 201
484, 365, 324, 496, 225, 133, 317, 198
524, 370, 334, 479, 222, 134, 332, 198
460, 371, 301, 453, 212, 150, 321, 191
423, 403, 306, 410, 197, 158, 351, 200
384, 369, 290, 453, 179, 155, 323, 193
372, 321, 288, 404, 167, 140, 334, 179
319, 334, 306, 444, 153, 138, 350, 178
317, 345, 303, 448, 153, 126, 353, 172
329, 336, 300, 481, 154, 114, 285, 141
349, 335, 346, 416, 159, 113, 286, 151
333, 320, 327, 387, 166, 119, 278, 169
367, 338, 311, 395, 196, 120, 305, 197
421, 338, 322, 401, 211, 122, 307, 210
416, 297, 304, 349, 214, 125, 317, 210
483, 375, 246, 323, 188, 123, 314, 202
490, 384, 275, 359, 196, 118, 297, 183
500, 352, 246, 441, 209, 121, 339, 173
470, 363, 293, 525, 209, 115, 379, 173
509, 364, 335, 511, 209, 111, 361, 201
455, 284, 324, 517, 206, 122, 368, 206
459, 299, 313, 549, 216, 141, 419, 224
398, 286, 324, 484, 191, 130, 337, 213
411, 285, 349, 422, 195, 127, 293, 228
397, 415, 333, 437, 188, 136, 308, 216
355, 404, 349, 453, 196, 146, 357, 222
360, 411, 345, 443, 183, 127, 320, 230
366, 411, 341, 457, 204, 145, 395, 229
416, 465, 273, 436, 197, 154, 420, 248
402, 409, 257, 520, 196, 151, 434, 264
451, 431, 274, 549, 225, 137, 392, 266
437, 417, 303, 516, 220, 138, 380, 247
460, 494, 308, 489, 208, 133, 325, 248
431, 430, 309, 512, 206, 129, 341, 223
419, 388, 339, 471, 204, 116, 332, 212
380, 352, 329, 506, 198, 116, 342, 206
424, 358, 351, 534, 238, 132, 351, 202
419, 275, 355, 524, 226, 137, 413, 205
393, 262, 346, 511, 218, 131, 393, 192
392, 266, 313, 470, 224, 145, 379, 185
402, 298, 330, 458, 213, 149, 365, 169
345, 315, 295, 441, 176, 132, 358, 163
401, 319, 288, 455, 176, 113, 296, 180
382, 342, 289, 500, 186, 112, 278, 183
383, 362, 317, 547, 190, 100, 292, 172
409, 340, 322, 501, 203, 87, 289, 185
446, 321, 345, 487, 205, 89, 380, 207
403, 306, 339, 570, 208, 87, 372, 194
403, 350, 345, 525, 199, 99, 362, 202
411, 363, 342, 474, 202, 99, 402, 196
403, 399, 318, 479, 190, 103, 442, 217
381, 423, 273, 547, 209, 103, 388, 211
400, 432, 259, 435, 199, 116, 380, 211
406, 389, 250, 416, 196, 112, 437, 204
442, 356, 227, 391, 181, 123, 397, 240
412, 328, 244, 356, 159, 120, 364, 222
410, 312, 248, 391, 163, 146, 545, 282
373, 289, 274, 412, 165, 134, 548, 289
451, 322, 274, 436, 184, 133, 522, 300
407, 339, 293, 485, 191, 118, 535, 275
413, 327, 285, 489, 194, 126, 596, 297
420, 337, 283, 450, 190, 123, 459, 235
478, 391, 332, 507, 204, 128, 462, 230
417, 382, 360, 505, 204, 133, 463, 226
401, 385, 422, 520, 237, 136, 497, 235
416, 421, 423, 588, 244, 136, 430, 197
440, 420, 432, 582, 233, 111, 420, 259
365, 372, 391, 526, 236, 109, 421, 263
392, 375, 375, 546, 239, 117, 442, 272
434, 394, 380, 621, 231, 122, 402, 272
440, 444, 372, 568, 245, 151, 408, 288
427, 445, 400, 542, 246, 155, 399, 261
489, 507, 393, 552, 234, 153, 433, 284
470, 491, 395, 541, 228, 150, 437, 292
485, 520, 297, 429, 218, 158, 412, 298
465, 460, 285, 562, 266, 130, 400, 297
466, 462, 228, 586, 258, 125, 441, 281
428, 395, 217, 576, 260, 134, 419, 245
412, 417, 204, 592, 261, 126, 376, 219
438, 389, 208, 647, 253, 107, 386, 218
449, 382, 213, 554, 222, 112, 388, 198
465, 391, 224, 504, 236, 113, 312, 184
468, 497, 235, 565, 249, 105, 352, 201
483, 485, 245, 555, 245, 118, 436, 219
427, 451, 247, 479, 288, 134, 469, 204
449, 483, 238, 521, 312, 149, 490, 229
394, 498, 233, 545, 300, 150, 487, 258
425, 449, 254, 532, 315, 161, 490, 249
399, 467, 265, 657, 389, 174, 447, 241
379, 505, 246, 703, 380, 199, 518, 278
452, 492, 258, 703, 370, 202, 610, 321
465, 463, 347, 746, 371, 208, 692, 317
416, 413, 365, 735, 357, 206, 759, 325
489, 476, 348, 660, 308, 196, 792, 340
498, 512, 375, 637, 298, 180, 761, 350
395, 508, 384, 656, 280, 204, 829, 306
425, 511, 312, 618, 313, 209, 814, 477
504, 542, 280, 667, 338, 220, 830, 518
496, 494, 277, 657, 324, 224, 788, 533
516, 437, 240, 658, 335, 215, 774, 522
537, 455, 208, 602, 354, 188, 664, 547
534, 447, 192, 635, 323, 189, 626, 410
471, 445, 182, 594, 309, 174, 528, 371
428, 431, 173, 562, 291, 163, 523, 330
392, 405, 184, 513, 262, 176, 498, 324
358, 401, 183, 516, 221, 168, 417, 311
361, 381, 176, 441, 227, 173, 536, 362
380, 349, 168, 370, 191, 167, 503, 353
366, 320, 158, 335, 183, 166, 505, 344
371, 308, 155, 457, 230, 159, 509, 328
414, 277, 152, 445, 247, 152, 513, 298
357, 362, 154, 567, 308, 148, 475, 201
338, 383, 152, 635, 323, 160, 443, 184
368, 384, 176, 717, 336, 175, 484, 228
359, 405, 165, 724, 321, 160, 468, 229
387, 403, 167, 745, 313, 156, 462, 235
398, 337, 187, 648, 247, 135, 374, 254
427, 312, 188, 605, 231, 130, 469, 268
454, 350, 169, 575, 235, 135, 443, 239
462, 382, 179, 496, 208, 143, 452, 239
396, 369, 189, 455, 196, 140, 452, 241
391, 425, 160, 496, 219, 149, 437, 239
343, 443, 154, 551, 243, 167, 412, 233
268, 409, 156, 558, 284, 177, 417, 243
267, 362, 152, 562, 291, 179, 420, 236
346, 421, 193, 645, 316, 194, 432, 247
360, 441, 219, 683, 322, 194, 521, 263
367, 433, 223, 654, 308, 184, 466, 257
396, 474, 255, 636, 260, 161, 447, 267
433, 506, 259, 641, 246, 172, 457, 292
428, 499, 260, 664, 242, 183, 472, 321
445, 495, 267, 679, 251, 194, 408, 329
431, 478, 266, 667, 249, 182, 415, 323
435, 432, 238, 680, 318, 188, 406, 338
399, 403, 242, 667, 328, 171, 422, 325
334, 350, 198, 551, 298, 145, 388, 277
284, 239, 164, 488, 285, 129, 336, 250
304, 245, 163, 494, 289, 133, 375, 280
311, 254, 163, 482, 216, 118, 380, 266
352, 274, 161, 475, 206, 116, 339, 277
365, 276, 154, 467, 208, 119, 330, 280
388, 328, 156, 452, 180, 111, 322, 257
395, 371, 155, 441, 186, 118, 299, 231
382, 379, 153, 383, 182, 117, 330, 234
373, 348, 151, 423, 190, 134, 380, 234
468, 368, 169, 495, 197, 140, 393, 264
483, 375, 175, 498, 229, 156, 384, 297
532, 340, 176, 488, 215, 157, 361, 307
514, 354, 171, 522, 207, 152, 306, 287
536, 488, 216, 588, 249, 171, 391, 311
482, 493, 211, 580, 249, 163, 378, 286
508, 476, 210, 653, 238, 146, 392, 318
441, 482, 219, 650, 237, 146, 410, 329
443, 474, 219, 658, 238, 153, 442, 332
468, 437, 170, 616, 206, 117, 306, 301
502, 431, 180, 630, 241, 116, 320, 308
449, 425, 192, 526, 229, 139, 308, 265
476, 412, 195, 544, 240, 134, 285, 225
468, 393, 187, 544, 255, 131, 226, 226
424, 317, 177, 591, 285, 130, 282, 234
372, 317, 158, 555, 253, 129, 302, 247
409, 338, 141, 727, 299, 138, 321, 264
403, 345, 125, 789, 317, 146, 355, 283
406, 432, 152, 782, 331, 151, 362, 280
393, 418, 159, 812, 338, 163, 361, 260
401, 416, 173, 801, 344, 173, 383, 257
355, 432, 173, 700, 326, 162, 370, 226
391, 462, 174, 641, 319, 156, 346, 226
383, 404, 167, 718, 322, 160, 366, 245
383, 424, 195, 631, 276, 155, 339, 276
405, 431, 207, 630, 267, 172, 384, 359
427, 414, 196, 659, 260, 168, 409, 374
398, 407, 213, 686, 274, 188, 453, 386
405, 398, 215, 661, 297, 179, 448, 363
424, 402, 206, 663, 325, 178, 447, 345
439, 401, 192, 698, 337, 156, 405, 243
440, 402, 207, 648, 344, 157, 371, 218
424, 364, 194, 626, 333, 140, 329, 182
443, 408, 213, 647, 300, 145, 339, 207
430, 373, 204, 636, 292, 157, 396, 257
397, 390, 195, 609, 281, 155, 386, 267
392, 408, 191, 594, 269, 150, 400, 274
395, 411, 221, 680, 395, 143, 390, 280
402, 388, 201, 603, 391, 145, 378, 285
417, 485, 201, 607, 388, 139, 327, 256
418, 506, 209, 627, 403, 167, 344, 233
424, 504, 202, 641, 394, 167, 335, 239
428, 538, 166, 512, 259, 162, 326, 228
400, 522, 161, 462, 242, 154, 339, 221
374, 431, 153, 447, 214, 145, 314, 201
331, 374, 137, 426, 182, 96, 247, 201
297, 308, 135, 371, 195, 87, 222, 173
252, 221, 121, 359, 168, 84, 187, 156
225, 191, 108, 350, 159, 67, 103, 115
159, 165, 87, 297, 148, 56, 94, 98
122, 111, 117, 222, 128, 65, 67, 80
151, 103, 140, 198, 72, 54, 51, 88
171, 118, 302, 198, 68, 56, 51, 95
190, 122, 533, 209, 61, 58, 54, 360
196, 128, 546, 217, 65, 56, 51, 377
195, 139, 582, 209, 63, 45, 58, 387
192, 134, 629, 265, 68, 44, 61, 423
237, 151, 597, 298, 70, 51, 60, 455
252, 197, 588, 339, 67, 50, 55, 331
257, 240, 740, 373, 71, 55, 56, 338
262, 263, 851, 402, 83, 58, 50, 330
246, 276, 993, 402, 86, 65, 139, 349
186, 263, 994, 368, 80, 58, 148, 314
143, 226, 908, 341, 85, 56, 148, 287
123, 178, 882, 358, 81, 48, 148, 262
111, 145, 779, 337, 68, 48, 149, 261
